date,title,motion_text,deputy,party,vote,afavor,enContra,abstenciones,noVotan,initiative_url
29/11/2016,Proposiciones no de Ley.,"Proposición no de Ley del Grupo Parlamentario Popular en el Congreso, relativa a la conmemoración del Día Internacional de las Personas con Discapacidad.
Se vota en los términos de la enmienda transaccional presentada por todos los Grupos Parlamentarios.","Sahuquillo García, Luis Carlos",GS,Sí,332,0,1,17,https://www.congreso.es/es/busqueda-de-iniciativas?p_p_id=iniciativas&p_p_lifecycle=0&p_p_state=normal&p_p_mode=view&_iniciativas_mode=mostrarDetalle&_iniciativas_legislatura=XII&_iniciativas_id=162/000199
29/11/2016,Proposiciones no de Ley.,"Proposición no de Ley del Grupo Parlamentario Popular en el Congreso, relativa a la conmemoración del Día Internacional de las Personas con Discapacidad.
Se vota en los términos de la enmienda transaccional presentada por todos los Grupos Parlamentarios.","Mateu Istúriz, Jaime Miguel",GP,Sí,332,0,1,17,https://www.congreso.es/es/busqueda-de-iniciativas?p_p_id=iniciativas&p_p_lifecycle=0&p_p_state=normal&p_p_mode=view&_iniciativas_mode=mostrarDetalle&_iniciativas_legislatura=XII&_iniciativas_id=162/000199
29/11/2016,Proposiciones no de Ley.,"Proposición no de Ley del Grupo Parlamentario Popular en el Congreso, relativa a la conmemoración del Día Internacional de las Personas con Discapacidad.
Se vota en los términos de la enmienda transaccional presentada por todos los Grupos Parlamentarios.","Pérez Herraiz, Margarita",GS,Sí,332,0,1,17,https://www.congreso.es/es/busqueda-de-iniciativas?p_p_id=iniciativas&p_p_lifecycle=0&p_p_state=normal&p_p_mode=view&_iniciativas_mode=mostrarDetalle&_iniciativas_legislatura=XII&_iniciativas_id=162/000199
29/11/2016,Proposiciones no de Ley.,"Proposición no de Ley del Grupo Parlamentario Popular en el Congreso, relativa a la conmemoración del Día Internacional de las Personas con Discapacidad.
Se vota en los términos de la enmienda transaccional presentada por todos los Grupos Parlamentarios.","De Barrionuevo Gener, Avelino",GP,Sí,332,0,1,17,https://www.congreso.es/es/busqueda-de-iniciativas?p_p_id=iniciativas&p_p_lifecycle=0&p_p_state=normal&p_p_mode=view&_iniciativas_mode=mostrarDetalle&_iniciativas_legislatura=XII&_iniciativas_id=162/000199
29/11/2016,Proposiciones no de Ley.,"Proposición no de Ley del Grupo Parlamentario Popular en el Congreso, relativa a la conmemoración del Día Internacional de las Personas con Discapacidad.
Se vota en los términos de la enmienda transaccional presentada por todos los Grupos Parlamentarios.","Miquel i Valentí, Sergi",GMx,Sí,332,0,1,17,https://www.congreso.es/es/busqueda-de-iniciativas?p_p_id=iniciativas&p_p_lifecycle=0&p_p_state=normal&p_p_mode=view&_iniciativas_mode=mostrarDetalle&_iniciativas_legislatura=XII&_iniciativas_id=162/000199
29/11/2016,Proposiciones no de Ley.,"Proposición no de Ley del Grupo Parlamentario Popular en el Congreso, relativa a la conmemoración del Día Internacional de las Personas con Discapacidad.
Se vota en los términos de la enmienda transaccional presentada por todos los Grupos Parlamentarios.","Xuclà i Costa, Jordi",GMx,Sí,332,0,1,17,https://www.congreso.es/es/busqueda-de-iniciativas?p_p_id=iniciativas&p_p_lifecycle=0&p_p_state=normal&p_p_mode=view&_iniciativas_mode=mostrarDetalle&_iniciativas_legislatura=XII&_iniciativas_id=162/000199
29/11/2016,Proposiciones no de Ley.,"Proposición no de Ley del Grupo Parlamentario Popular en el Congreso, relativa a la conmemoración del Día Internacional de las Personas con Discapacidad.
Se vota en los términos de la enmienda transaccional presentada por todos los Grupos Parlamentarios.","Aguiar Rodríguez, Ernesto",GP,Sí,332,0,1,17,https://www.congreso.es/es/busqueda-de-iniciativas?p_p_id=iniciativas&p_p_lifecycle=0&p_p_state=normal&p_p_mode=view&_iniciativas_mode=mostrarDetalle&_iniciativas_legislatura=XII&_iniciativas_id=162/000199
29/11/2016,Proposiciones no de Ley.,"Proposición no de Ley del Grupo Parlamentario Popular en el Congreso, relativa a la conmemoración del Día Internacional de las Personas con Discapacidad.
Se vota en los términos de la enmienda transaccional presentada por todos los Grupos Parlamentarios.","Martín Llaguno, Marta",GCs,Sí,332,0,1,17,https://www.congreso.es/es/busqueda-de-iniciativas?p_p_id=iniciativas&p_p_lifecycle=0&p_p_state=normal&p_p_mode=view&_iniciativas_mode=mostrarDetalle&_iniciativas_legislatura=XII&_iniciativas_id=162/000199
29/11/2016,Proposiciones no de Ley.,"Proposición no de Ley del Grupo Parlamentario Popular en el Congreso, relativa a la conmemoración del Día Internacional de las Personas con Discapacidad.
Se vota en los términos de la enmienda transaccional presentada por todos los Grupos Parlamentarios.","Igea Arisqueta, Francisco",GCs,Sí,332,0,1,17,https://www.congreso.es/es/busqueda-de-iniciativas?p_p_id=iniciativas&p_p_lifecycle=0&p_p_state=normal&p_p_mode=view&_iniciativas_mode=mostrarDetalle&_iniciativas_legislatura=XII&_iniciativas_id=162/000199
29/11/2016,Proposiciones no de Ley.,"Proposición no de Ley del Grupo Parlamentario Popular en el Congreso, relativa a la conmemoración del Día Internacional de las Personas con Discapacidad.
Se vota en los términos de la enmienda transaccional presentada por todos los Grupos Parlamentarios.","Pastor Julián, Ana María",GP,Sí,332,0,1,17,https://www.congreso.es/es/busqueda-de-iniciativas?p_p_id=iniciativas&p_p_lifecycle=0&p_p_state=normal&p_p_mode=view&_iniciativas_mode=mostrarDetalle&_iniciativas_legislatura=XII&_iniciativas_id=162/000199
29/11/2016,Proposiciones no de Ley.,"Proposición no de Ley del Grupo Parlamentario Popular en el Congreso, relativa a la conmemoración del Día Internacional de las Personas con Discapacidad.
Se vota en los términos de la enmienda transaccional presentada por todos los Grupos Parlamentarios.","Moro Almaraz, María Jesús",GP,Sí,332,0,1,17,https://www.congreso.es/es/busqueda-de-iniciativas?p_p_id=iniciativas&p_p_lifecycle=0&p_p_state=normal&p_p_mode=view&_iniciativas_mode=mostrarDetalle&_iniciativas_legislatura=XII&_iniciativas_id=162/000199
29/11/2016,Proposiciones no de Ley.,"Proposición no de Ley del Grupo Parlamentario Popular en el Congreso, relativa a la conmemoración del Día Internacional de las Personas con Discapacidad.
Se vota en los términos de la enmienda transaccional presentada por todos los Grupos Parlamentarios.","De Arriba Sánchez, Bienvenido",GP,Sí,332,0,1,17,https://www.congreso.es/es/busqueda-de-iniciativas?p_p_id=iniciativas&p_p_lifecycle=0&p_p_state=normal&p_p_mode=view&_iniciativas_mode=mostrarDetalle&_iniciativas_legislatura=XII&_iniciativas_id=162/000199
29/11/2016,Proposiciones no de Ley.,"Proposición no de Ley del Grupo Parlamentario Popular en el Congreso, relativa a la conmemoración del Día Internacional de las Personas con Discapacidad.
Se vota en los términos de la enmienda transaccional presentada por todos los Grupos Parlamentarios.","Villalobos Talero, Celia",GP,Sí,332,0,1,17,https://www.congreso.es/es/busqueda-de-iniciativas?p_p_id=iniciativas&p_p_lifecycle=0&p_p_state=normal&p_p_mode=view&_iniciativas_mode=mostrarDetalle&_iniciativas_legislatura=XII&_iniciativas_id=162/000199
29/11/2016,Proposiciones no de Ley.,"Proposición no de Ley del Grupo Parlamentario Popular en el Congreso, relativa a la conmemoración del Día Internacional de las Personas con Discapacidad.
Se vota en los términos de la enmienda transaccional presentada por todos los Grupos Parlamentarios.","España Reina, Carolina",GP,Sí,332,0,1,17,https://www.congreso.es/es/busqueda-de-iniciativas?p_p_id=iniciativas&p_p_lifecycle=0&p_p_state=normal&p_p_mode=view&_iniciativas_mode=mostrarDetalle&_iniciativas_legislatura=XII&_iniciativas_id=162/000199
29/11/2016,Proposiciones no de Ley.,"Proposición no de Ley del Grupo Parlamentario Popular en el Congreso, relativa a la conmemoración del Día Internacional de las Personas con Discapacidad.
Se vota en los términos de la enmienda transaccional presentada por todos los Grupos Parlamentarios.","Salvador García, Luis Miguel",GCs,Sí,332,0,1,17,https://www.congreso.es/es/busqueda-de-iniciativas?p_p_id=iniciativas&p_p_lifecycle=0&p_p_state=normal&p_p_mode=view&_iniciativas_mode=mostrarDetalle&_iniciativas_legislatura=XII&_iniciativas_id=162/000199
29/11/2016,Proposiciones no de Ley.,"Proposición no de Ley del Grupo Parlamentario Popular en el Congreso, relativa a la conmemoración del Día Internacional de las Personas con Discapacidad.
Se vota en los términos de la enmienda transaccional presentada por todos los Grupos Parlamentarios.","Camacho Sánchez, José Miguel",GS,Sí,332,0,1,17,https://www.congreso.es/es/busqueda-de-iniciativas?p_p_id=iniciativas&p_p_lifecycle=0&p_p_state=normal&p_p_mode=view&_iniciativas_mode=mostrarDetalle&_iniciativas_legislatura=XII&_iniciativas_id=162/000199
29/11/2016,Proposiciones no de Ley.,"Proposición no de Ley del Grupo Parlamentario Popular en el Congreso, relativa a la conmemoración del Día Internacional de las Personas con Discapacidad.
Se vota en los términos de la enmienda transaccional presentada por todos los Grupos Parlamentarios.","Suárez Lamata, Eloy",GP,Sí,332,0,1,17,https://www.congreso.es/es/busqueda-de-iniciativas?p_p_id=iniciativas&p_p_lifecycle=0&p_p_state=normal&p_p_mode=view&_iniciativas_mode=mostrarDetalle&_iniciativas_legislatura=XII&_iniciativas_id=162/000199
29/11/2016,Proposiciones no de Ley.,"Proposición no de Ley del Grupo Parlamentario Popular en el Congreso, relativa a la conmemoración del Día Internacional de las Personas con Discapacidad.
Se vota en los términos de la enmienda transaccional presentada por todos los Grupos Parlamentarios.","Blasco Marqués, Manuel",GP,Sí,332,0,1,17,https://www.congreso.es/es/busqueda-de-iniciativas?p_p_id=iniciativas&p_p_lifecycle=0&p_p_state=normal&p_p_mode=view&_iniciativas_mode=mostrarDetalle&_iniciativas_legislatura=XII&_iniciativas_id=162/000199
29/11/2016,Proposiciones no de Ley.,"Proposición no de Ley del Grupo Parlamentario Popular en el Congreso, relativa a la conmemoración del Día Internacional de las Personas con Discapacidad.
Se vota en los términos de la enmienda transaccional presentada por todos los Grupos Parlamentarios.","Delgado Arce, Celso Luis",GP,Sí,332,0,1,17,https://www.congreso.es/es/busqueda-de-iniciativas?p_p_id=iniciativas&p_p_lifecycle=0&p_p_state=normal&p_p_mode=view&_iniciativas_mode=mostrarDetalle&_iniciativas_legislatura=XII&_iniciativas_id=162/000199
29/11/2016,Proposiciones no de Ley.,"Proposición no de Ley del Grupo Parlamentario Popular en el Congreso, relativa a la conmemoración del Día Internacional de las Personas con Discapacidad.
Se vota en los términos de la enmienda transaccional presentada por todos los Grupos Parlamentarios.","García-Tizón López, Arturo",GP,Sí,332,0,1,17,https://www.congreso.es/es/busqueda-de-iniciativas?p_p_id=iniciativas&p_p_lifecycle=0&p_p_state=normal&p_p_mode=view&_iniciativas_mode=mostrarDetalle&_iniciativas_legislatura=XII&_iniciativas_id=162/000199
29/11/2016,Proposiciones no de Ley.,"Proposición no de Ley del Grupo Parlamentario Popular en el Congreso, relativa a la conmemoración del Día Internacional de las Personas con Discapacidad.
Se vota en los términos de la enmienda transaccional presentada por todos los Grupos Parlamentarios.","Alonso Díaz-Guerra, José Jaime",GP,Sí,332,0,1,17,https://www.congreso.es/es/busqueda-de-iniciativas?p_p_id=iniciativas&p_p_lifecycle=0&p_p_state=normal&p_p_mode=view&_iniciativas_mode=mostrarDetalle&_iniciativas_legislatura=XII&_iniciativas_id=162/000199
29/11/2016,Proposiciones no de Ley.,"Proposición no de Ley del Grupo Parlamentario Popular en el Congreso, relativa a la conmemoración del Día Internacional de las Personas con Discapacidad.
Se vota en los términos de la enmienda transaccional presentada por todos los Grupos Parlamentarios.","Vázquez Blanco, Ana Belén",GP,Sí,332,0,1,17,https://www.congreso.es/es/busqueda-de-iniciativas?p_p_id=iniciativas&p_p_lifecycle=0&p_p_state=normal&p_p_mode=view&_iniciativas_mode=mostrarDetalle&_iniciativas_legislatura=XII&_iniciativas_id=162/000199
29/11/2016,Proposiciones no de Ley.,"Proposición no de Ley del Grupo Parlamentario Popular en el Congreso, relativa a la conmemoración del Día Internacional de las Personas con Discapacidad.
Se vota en los términos de la enmienda transaccional presentada por todos los Grupos Parlamentarios.","Cortés Bureta, Pilar",GP,Sí,332,0,1,17,https://www.congreso.es/es/busqueda-de-iniciativas?p_p_id=iniciativas&p_p_lifecycle=0&p_p_state=normal&p_p_mode=view&_iniciativas_mode=mostrarDetalle&_iniciativas_legislatura=XII&_iniciativas_id=162/000199
29/11/2016,Proposiciones no de Ley.,"Proposición no de Ley del Grupo Parlamentario Popular en el Congreso, relativa a la conmemoración del Día Internacional de las Personas con Discapacidad.
Se vota en los términos de la enmienda transaccional presentada por todos los Grupos Parlamentarios.","Navarro Fernández-Rodríguez, Fernando",GCs,Sí,332,0,1,17,https://www.congreso.es/es/busqueda-de-iniciativas?p_p_id=iniciativas&p_p_lifecycle=0&p_p_state=normal&p_p_mode=view&_iniciativas_mode=mostrarDetalle&_iniciativas_legislatura=XII&_iniciativas_id=162/000199
29/11/2016,Proposiciones no de Ley.,"Proposición no de Ley del Grupo Parlamentario Popular en el Congreso, relativa a la conmemoración del Día Internacional de las Personas con Discapacidad.
Se vota en los términos de la enmienda transaccional presentada por todos los Grupos Parlamentarios.","Valmaña Ochaíta, Silvia",GP,Sí,332,0,1,17,https://www.congreso.es/es/busqueda-de-iniciativas?p_p_id=iniciativas&p_p_lifecycle=0&p_p_state=normal&p_p_mode=view&_iniciativas_mode=mostrarDetalle&_iniciativas_legislatura=XII&_iniciativas_id=162/000199
29/11/2016,Proposiciones no de Ley.,"Proposición no de Ley del Grupo Parlamentario Popular en el Congreso, relativa a la conmemoración del Día Internacional de las Personas con Discapacidad.
Se vota en los términos de la enmienda transaccional presentada por todos los Grupos Parlamentarios.","Blanquer Alcaraz, Patricia",GS,Sí,332,0,1,17,https://www.congreso.es/es/busqueda-de-iniciativas?p_p_id=iniciativas&p_p_lifecycle=0&p_p_state=normal&p_p_mode=view&_iniciativas_mode=mostrarDetalle&_iniciativas_legislatura=XII&_iniciativas_id=162/000199
29/11/2016,Proposiciones no de Ley.,"Proposición no de Ley del Grupo Parlamentario Popular en el Congreso, relativa a la conmemoración del Día Internacional de las Personas con Discapacidad.
Se vota en los términos de la enmienda transaccional presentada por todos los Grupos Parlamentarios.","Martín González, María Guadalupe",GS,Sí,332,0,1,17,https://www.congreso.es/es/busqueda-de-iniciativas?p_p_id=iniciativas&p_p_lifecycle=0&p_p_state=normal&p_p_mode=view&_iniciativas_mode=mostrarDetalle&_iniciativas_legislatura=XII&_iniciativas_id=162/000199
29/11/2016,Proposiciones no de Ley.,"Proposición no de Ley del Grupo Parlamentario Popular en el Congreso, relativa a la conmemoración del Día Internacional de las Personas con Discapacidad.
Se vota en los términos de la enmienda transaccional presentada por todos los Grupos Parlamentarios.","López Milla, Julián",GS,Sí,332,0,1,17,https://www.congreso.es/es/busqueda-de-iniciativas?p_p_id=iniciativas&p_p_lifecycle=0&p_p_state=normal&p_p_mode=view&_iniciativas_mode=mostrarDetalle&_iniciativas_legislatura=XII&_iniciativas_id=162/000199
29/11/2016,Proposiciones no de Ley.,"Proposición no de Ley del Grupo Parlamentario Popular en el Congreso, relativa a la conmemoración del Día Internacional de las Personas con Discapacidad.
Se vota en los términos de la enmienda transaccional presentada por todos los Grupos Parlamentarios.","Campo Moreno, Juan Carlos",GS,Sí,332,0,1,17,https://www.congreso.es/es/busqueda-de-iniciativas?p_p_id=iniciativas&p_p_lifecycle=0&p_p_state=normal&p_p_mode=view&_iniciativas_mode=mostrarDetalle&_iniciativas_legislatura=XII&_iniciativas_id=162/000199
29/11/2016,Proposiciones no de Ley.,"Proposición no de Ley del Grupo Parlamentario Popular en el Congreso, relativa a la conmemoración del Día Internacional de las Personas con Discapacidad.
Se vota en los términos de la enmienda transaccional presentada por todos los Grupos Parlamentarios.","Martínez-Maíllo Toribio, Fernando",GP,Sí,332,0,1,17,https://www.congreso.es/es/busqueda-de-iniciativas?p_p_id=iniciativas&p_p_lifecycle=0&p_p_state=normal&p_p_mode=view&_iniciativas_mode=mostrarDetalle&_iniciativas_legislatura=XII&_iniciativas_id=162/000199
29/11/2016,Proposiciones no de Ley.,"Proposición no de Ley del Grupo Parlamentario Popular en el Congreso, relativa a la conmemoración del Día Internacional de las Personas con Discapacidad.
Se vota en los términos de la enmienda transaccional presentada por todos los Grupos Parlamentarios.","Barrios Tejero, José María",GP,Sí,332,0,1,17,https://www.congreso.es/es/busqueda-de-iniciativas?p_p_id=iniciativas&p_p_lifecycle=0&p_p_state=normal&p_p_mode=view&_iniciativas_mode=mostrarDetalle&_iniciativas_legislatura=XII&_iniciativas_id=162/000199
29/11/2016,Proposiciones no de Ley.,"Proposición no de Ley del Grupo Parlamentario Popular en el Congreso, relativa a la conmemoración del Día Internacional de las Personas con Discapacidad.
Se vota en los términos de la enmienda transaccional presentada por todos los Grupos Parlamentarios.","Reyes Rivera, Patricia",GCs,Sí,332,0,1,17,https://www.congreso.es/es/busqueda-de-iniciativas?p_p_id=iniciativas&p_p_lifecycle=0&p_p_state=normal&p_p_mode=view&_iniciativas_mode=mostrarDetalle&_iniciativas_legislatura=XII&_iniciativas_id=162/000199
29/11/2016,Proposiciones no de Ley.,"Proposición no de Ley del Grupo Parlamentario Popular en el Congreso, relativa a la conmemoración del Día Internacional de las Personas con Discapacidad.
Se vota en los términos de la enmienda transaccional presentada por todos los Grupos Parlamentarios.","Lasarte Iribarren, José Javier",GS,Sí,332,0,1,17,https://www.congreso.es/es/busqueda-de-iniciativas?p_p_id=iniciativas&p_p_lifecycle=0&p_p_state=normal&p_p_mode=view&_iniciativas_mode=mostrarDetalle&_iniciativas_legislatura=XII&_iniciativas_id=162/000199
29/11/2016,Proposiciones no de Ley.,"Proposición no de Ley del Grupo Parlamentario Popular en el Congreso, relativa a la conmemoración del Día Internacional de las Personas con Discapacidad.
Se vota en los términos de la enmienda transaccional presentada por todos los Grupos Parlamentarios.","Lara Carbó, María Teresa de",GP,Sí,332,0,1,17,https://www.congreso.es/es/busqueda-de-iniciativas?p_p_id=iniciativas&p_p_lifecycle=0&p_p_state=normal&p_p_mode=view&_iniciativas_mode=mostrarDetalle&_iniciativas_legislatura=XII&_iniciativas_id=162/000199
29/11/2016,Proposiciones no de Ley.,"Proposición no de Ley del Grupo Parlamentario Popular en el Congreso, relativa a la conmemoración del Día Internacional de las Personas con Discapacidad.
Se vota en los términos de la enmienda transaccional presentada por todos los Grupos Parlamentarios.","Álvarez-Arenas Cisneros, María Carmen",GP,Sí,332,0,1,17,https://www.congreso.es/es/busqueda-de-iniciativas?p_p_id=iniciativas&p_p_lifecycle=0&p_p_state=normal&p_p_mode=view&_iniciativas_mode=mostrarDetalle&_iniciativas_legislatura=XII&_iniciativas_id=162/000199
29/11/2016,Proposiciones no de Ley.,"Proposición no de Ley del Grupo Parlamentario Popular en el Congreso, relativa a la conmemoración del Día Internacional de las Personas con Discapacidad.
Se vota en los términos de la enmienda transaccional presentada por todos los Grupos Parlamentarios.","Del Olmo Ibáñez, Juan Manuel",GCUP-EC-EM,Sí,332,0,1,17,https://www.congreso.es/es/busqueda-de-iniciativas?p_p_id=iniciativas&p_p_lifecycle=0&p_p_state=normal&p_p_mode=view&_iniciativas_mode=mostrarDetalle&_iniciativas_legislatura=XII&_iniciativas_id=162/000199
29/11/2016,Proposiciones no de Ley.,"Proposición no de Ley del Grupo Parlamentario Popular en el Congreso, relativa a la conmemoración del Día Internacional de las Personas con Discapacidad.
Se vota en los términos de la enmienda transaccional presentada por todos los Grupos Parlamentarios.","Homs Molist, Francesc",GMx,Sí,332,0,1,17,https://www.congreso.es/es/busqueda-de-iniciativas?p_p_id=iniciativas&p_p_lifecycle=0&p_p_state=normal&p_p_mode=view&_iniciativas_mode=mostrarDetalle&_iniciativas_legislatura=XII&_iniciativas_id=162/000199
29/11/2016,Proposiciones no de Ley.,"Proposición no de Ley del Grupo Parlamentario Popular en el Congreso, relativa a la conmemoración del Día Internacional de las Personas con Discapacidad.
Se vota en los términos de la enmienda transaccional presentada por todos los Grupos Parlamentarios.","Campuzano i Canadés, Carles",GMx,Sí,332,0,1,17,https://www.congreso.es/es/busqueda-de-iniciativas?p_p_id=iniciativas&p_p_lifecycle=0&p_p_state=normal&p_p_mode=view&_iniciativas_mode=mostrarDetalle&_iniciativas_legislatura=XII&_iniciativas_id=162/000199
29/11/2016,Proposiciones no de Ley.,"Proposición no de Ley del Grupo Parlamentario Popular en el Congreso, relativa a la conmemoración del Día Internacional de las Personas con Discapacidad.
Se vota en los términos de la enmienda transaccional presentada por todos los Grupos Parlamentarios.","Montero Soler, Alberto",GCUP-EC-EM,Sí,332,0,1,17,https://www.congreso.es/es/busqueda-de-iniciativas?p_p_id=iniciativas&p_p_lifecycle=0&p_p_state=normal&p_p_mode=view&_iniciativas_mode=mostrarDetalle&_iniciativas_legislatura=XII&_iniciativas_id=162/000199
29/11/2016,Proposiciones no de Ley.,"Proposición no de Ley del Grupo Parlamentario Popular en el Congreso, relativa a la conmemoración del Día Internacional de las Personas con Discapacidad.
Se vota en los términos de la enmienda transaccional presentada por todos los Grupos Parlamentarios.","Moreno Palanques, Rubén",GP,Sí,332,0,1,17,https://www.congreso.es/es/busqueda-de-iniciativas?p_p_id=iniciativas&p_p_lifecycle=0&p_p_state=normal&p_p_mode=view&_iniciativas_mode=mostrarDetalle&_iniciativas_legislatura=XII&_iniciativas_id=162/000199
29/11/2016,Proposiciones no de Ley.,"Proposición no de Ley del Grupo Parlamentario Popular en el Congreso, relativa a la conmemoración del Día Internacional de las Personas con Discapacidad.
Se vota en los términos de la enmienda transaccional presentada por todos los Grupos Parlamentarios.","Quintanilla Barba, María del Carmen",GP,Sí,332,0,1,17,https://www.congreso.es/es/busqueda-de-iniciativas?p_p_id=iniciativas&p_p_lifecycle=0&p_p_state=normal&p_p_mode=view&_iniciativas_mode=mostrarDetalle&_iniciativas_legislatura=XII&_iniciativas_id=162/000199
29/11/2016,Proposiciones no de Ley.,"Proposición no de Ley del Grupo Parlamentario Popular en el Congreso, relativa a la conmemoración del Día Internacional de las Personas con Discapacidad.
Se vota en los términos de la enmienda transaccional presentada por todos los Grupos Parlamentarios.","Matarí Sáez, Juan José",GP,Sí,332,0,1,17,https://www.congreso.es/es/busqueda-de-iniciativas?p_p_id=iniciativas&p_p_lifecycle=0&p_p_state=normal&p_p_mode=view&_iniciativas_mode=mostrarDetalle&_iniciativas_legislatura=XII&_iniciativas_id=162/000199
29/11/2016,Proposiciones no de Ley.,"Proposición no de Ley del Grupo Parlamentario Popular en el Congreso, relativa a la conmemoración del Día Internacional de las Personas con Discapacidad.
Se vota en los términos de la enmienda transaccional presentada por todos los Grupos Parlamentarios.","Marcos Moyano, María Dolores",GP,Sí,332,0,1,17,https://www.congreso.es/es/busqueda-de-iniciativas?p_p_id=iniciativas&p_p_lifecycle=0&p_p_state=normal&p_p_mode=view&_iniciativas_mode=mostrarDetalle&_iniciativas_legislatura=XII&_iniciativas_id=162/000199
29/11/2016,Proposiciones no de Ley.,"Proposición no de Ley del Grupo Parlamentario Popular en el Congreso, relativa a la conmemoración del Día Internacional de las Personas con Discapacidad.
Se vota en los términos de la enmienda transaccional presentada por todos los Grupos Parlamentarios.","Barreda de los Ríos, Leopoldo",GP,Sí,332,0,1,17,https://www.congreso.es/es/busqueda-de-iniciativas?p_p_id=iniciativas&p_p_lifecycle=0&p_p_state=normal&p_p_mode=view&_iniciativas_mode=mostrarDetalle&_iniciativas_legislatura=XII&_iniciativas_id=162/000199
29/11/2016,Proposiciones no de Ley.,"Proposición no de Ley del Grupo Parlamentario Popular en el Congreso, relativa a la conmemoración del Día Internacional de las Personas con Discapacidad.
Se vota en los términos de la enmienda transaccional presentada por todos los Grupos Parlamentarios.","Tremiño Gómez, Ignacio",GP,Sí,332,0,1,17,https://www.congreso.es/es/busqueda-de-iniciativas?p_p_id=iniciativas&p_p_lifecycle=0&p_p_state=normal&p_p_mode=view&_iniciativas_mode=mostrarDetalle&_iniciativas_legislatura=XII&_iniciativas_id=162/000199
29/11/2016,Proposiciones no de Ley.,"Proposición no de Ley del Grupo Parlamentario Popular en el Congreso, relativa a la conmemoración del Día Internacional de las Personas con Discapacidad.
Se vota en los términos de la enmienda transaccional presentada por todos los Grupos Parlamentarios.","Tundidor Moreno, Victoria Begoña",GS,Sí,332,0,1,17,https://www.congreso.es/es/busqueda-de-iniciativas?p_p_id=iniciativas&p_p_lifecycle=0&p_p_state=normal&p_p_mode=view&_iniciativas_mode=mostrarDetalle&_iniciativas_legislatura=XII&_iniciativas_id=162/000199
29/11/2016,Proposiciones no de Ley.,"Proposición no de Ley del Grupo Parlamentario Popular en el Congreso, relativa a la conmemoración del Día Internacional de las Personas con Discapacidad.
Se vota en los términos de la enmienda transaccional presentada por todos los Grupos Parlamentarios.","Heredia Díaz, Miguel Ángel",GS,Sí,332,0,1,17,https://www.congreso.es/es/busqueda-de-iniciativas?p_p_id=iniciativas&p_p_lifecycle=0&p_p_state=normal&p_p_mode=view&_iniciativas_mode=mostrarDetalle&_iniciativas_legislatura=XII&_iniciativas_id=162/000199
29/11/2016,Proposiciones no de Ley.,"Proposición no de Ley del Grupo Parlamentario Popular en el Congreso, relativa a la conmemoración del Día Internacional de las Personas con Discapacidad.
Se vota en los términos de la enmienda transaccional presentada por todos los Grupos Parlamentarios.","Matos Mascareño, Pablo",GP,Sí,332,0,1,17,https://www.congreso.es/es/busqueda-de-iniciativas?p_p_id=iniciativas&p_p_lifecycle=0&p_p_state=normal&p_p_mode=view&_iniciativas_mode=mostrarDetalle&_iniciativas_legislatura=XII&_iniciativas_id=162/000199
29/11/2016,Proposiciones no de Ley.,"Proposición no de Ley del Grupo Parlamentario Popular en el Congreso, relativa a la conmemoración del Día Internacional de las Personas con Discapacidad.
Se vota en los términos de la enmienda transaccional presentada por todos los Grupos Parlamentarios.","Zurita Expósito, Ana María",GP,Sí,332,0,1,17,https://www.congreso.es/es/busqueda-de-iniciativas?p_p_id=iniciativas&p_p_lifecycle=0&p_p_state=normal&p_p_mode=view&_iniciativas_mode=mostrarDetalle&_iniciativas_legislatura=XII&_iniciativas_id=162/000199
29/11/2016,Proposiciones no de Ley.,"Proposición no de Ley del Grupo Parlamentario Popular en el Congreso, relativa a la conmemoración del Día Internacional de las Personas con Discapacidad.
Se vota en los términos de la enmienda transaccional presentada por todos los Grupos Parlamentarios.","Hernández Bento, María del Carmen",GP,Sí,332,0,1,17,https://www.congreso.es/es/busqueda-de-iniciativas?p_p_id=iniciativas&p_p_lifecycle=0&p_p_state=normal&p_p_mode=view&_iniciativas_mode=mostrarDetalle&_iniciativas_legislatura=XII&_iniciativas_id=162/000199
29/11/2016,Proposiciones no de Ley.,"Proposición no de Ley del Grupo Parlamentario Popular en el Congreso, relativa a la conmemoración del Día Internacional de las Personas con Discapacidad.
Se vota en los términos de la enmienda transaccional presentada por todos los Grupos Parlamentarios.","Vera Ruíz-Herrera, Noelia",GCUP-EC-EM,Sí,332,0,1,17,https://www.congreso.es/es/busqueda-de-iniciativas?p_p_id=iniciativas&p_p_lifecycle=0&p_p_state=normal&p_p_mode=view&_iniciativas_mode=mostrarDetalle&_iniciativas_legislatura=XII&_iniciativas_id=162/000199
29/11/2016,Proposiciones no de Ley.,"Proposición no de Ley del Grupo Parlamentario Popular en el Congreso, relativa a la conmemoración del Día Internacional de las Personas con Discapacidad.
Se vota en los términos de la enmienda transaccional presentada por todos los Grupos Parlamentarios.","Arrojo Agudo, Pedro",GCUP-EC-EM,Sí,332,0,1,17,https://www.congreso.es/es/busqueda-de-iniciativas?p_p_id=iniciativas&p_p_lifecycle=0&p_p_state=normal&p_p_mode=view&_iniciativas_mode=mostrarDetalle&_iniciativas_legislatura=XII&_iniciativas_id=162/000199
29/11/2016,Proposiciones no de Ley.,"Proposición no de Ley del Grupo Parlamentario Popular en el Congreso, relativa a la conmemoración del Día Internacional de las Personas con Discapacidad.
Se vota en los términos de la enmienda transaccional presentada por todos los Grupos Parlamentarios.","Romero Sánchez, Rosa María",GP,Sí,332,0,1,17,https://www.congreso.es/es/busqueda-de-iniciativas?p_p_id=iniciativas&p_p_lifecycle=0&p_p_state=normal&p_p_mode=view&_iniciativas_mode=mostrarDetalle&_iniciativas_legislatura=XII&_iniciativas_id=162/000199
29/11/2016,Proposiciones no de Ley.,"Proposición no de Ley del Grupo Parlamentario Popular en el Congreso, relativa a la conmemoración del Día Internacional de las Personas con Discapacidad.
Se vota en los términos de la enmienda transaccional presentada por todos los Grupos Parlamentarios.","Méndez de Vigo Montojo, Íñigo",GP,Sí,332,0,1,17,https://www.congreso.es/es/busqueda-de-iniciativas?p_p_id=iniciativas&p_p_lifecycle=0&p_p_state=normal&p_p_mode=view&_iniciativas_mode=mostrarDetalle&_iniciativas_legislatura=XII&_iniciativas_id=162/000199
29/11/2016,Proposiciones no de Ley.,"Proposición no de Ley del Grupo Parlamentario Popular en el Congreso, relativa a la conmemoración del Día Internacional de las Personas con Discapacidad.
Se vota en los términos de la enmienda transaccional presentada por todos los Grupos Parlamentarios.","De la Torre Díaz, Francisco",GCs,Sí,332,0,1,17,https://www.congreso.es/es/busqueda-de-iniciativas?p_p_id=iniciativas&p_p_lifecycle=0&p_p_state=normal&p_p_mode=view&_iniciativas_mode=mostrarDetalle&_iniciativas_legislatura=XII&_iniciativas_id=162/000199
29/11/2016,Proposiciones no de Ley.,"Proposición no de Ley del Grupo Parlamentario Popular en el Congreso, relativa a la conmemoración del Día Internacional de las Personas con Discapacidad.
Se vota en los términos de la enmienda transaccional presentada por todos los Grupos Parlamentarios.","Luis Bail, Jorge",GCUP-EC-EM,Sí,332,0,1,17,https://www.congreso.es/es/busqueda-de-iniciativas?p_p_id=iniciativas&p_p_lifecycle=0&p_p_state=normal&p_p_mode=view&_iniciativas_mode=mostrarDetalle&_iniciativas_legislatura=XII&_iniciativas_id=162/000199
29/11/2016,Proposiciones no de Ley.,"Proposición no de Ley del Grupo Parlamentario Popular en el Congreso, relativa a la conmemoración del Día Internacional de las Personas con Discapacidad.
Se vota en los términos de la enmienda transaccional presentada por todos los Grupos Parlamentarios.","Galeano Gracia, Óscar",GS,Sí,332,0,1,17,https://www.congreso.es/es/busqueda-de-iniciativas?p_p_id=iniciativas&p_p_lifecycle=0&p_p_state=normal&p_p_mode=view&_iniciativas_mode=mostrarDetalle&_iniciativas_legislatura=XII&_iniciativas_id=162/000199
29/11/2016,Proposiciones no de Ley.,"Proposición no de Ley del Grupo Parlamentario Popular en el Congreso, relativa a la conmemoración del Día Internacional de las Personas con Discapacidad.
Se vota en los términos de la enmienda transaccional presentada por todos los Grupos Parlamentarios.","Pérez Aras, Juan Vicente",GP,Sí,332,0,1,17,https://www.congreso.es/es/busqueda-de-iniciativas?p_p_id=iniciativas&p_p_lifecycle=0&p_p_state=normal&p_p_mode=view&_iniciativas_mode=mostrarDetalle&_iniciativas_legislatura=XII&_iniciativas_id=162/000199
29/11/2016,Proposiciones no de Ley.,"Proposición no de Ley del Grupo Parlamentario Popular en el Congreso, relativa a la conmemoración del Día Internacional de las Personas con Discapacidad.
Se vota en los términos de la enmienda transaccional presentada por todos los Grupos Parlamentarios.","Cano Fuster, José",GCs,Sí,332,0,1,17,https://www.congreso.es/es/busqueda-de-iniciativas?p_p_id=iniciativas&p_p_lifecycle=0&p_p_state=normal&p_p_mode=view&_iniciativas_mode=mostrarDetalle&_iniciativas_legislatura=XII&_iniciativas_id=162/000199
29/11/2016,Proposiciones no de Ley.,"Proposición no de Ley del Grupo Parlamentario Popular en el Congreso, relativa a la conmemoración del Día Internacional de las Personas con Discapacidad.
Se vota en los términos de la enmienda transaccional presentada por todos los Grupos Parlamentarios.","Bastidas Bono, Elena María",GP,Sí,332,0,1,17,https://www.congreso.es/es/busqueda-de-iniciativas?p_p_id=iniciativas&p_p_lifecycle=0&p_p_state=normal&p_p_mode=view&_iniciativas_mode=mostrarDetalle&_iniciativas_legislatura=XII&_iniciativas_id=162/000199
29/11/2016,Proposiciones no de Ley.,"Proposición no de Ley del Grupo Parlamentario Popular en el Congreso, relativa a la conmemoración del Día Internacional de las Personas con Discapacidad.
Se vota en los términos de la enmienda transaccional presentada por todos los Grupos Parlamentarios.","Robles Fernández, Margarita",GS,Sí,332,0,1,17,https://www.congreso.es/es/busqueda-de-iniciativas?p_p_id=iniciativas&p_p_lifecycle=0&p_p_state=normal&p_p_mode=view&_iniciativas_mode=mostrarDetalle&_iniciativas_legislatura=XII&_iniciativas_id=162/000199
29/11/2016,Proposiciones no de Ley.,"Proposición no de Ley del Grupo Parlamentario Popular en el Congreso, relativa a la conmemoración del Día Internacional de las Personas con Discapacidad.
Se vota en los términos de la enmienda transaccional presentada por todos los Grupos Parlamentarios.","García Egea, Teodoro",GP,Sí,332,0,1,17,https://www.congreso.es/es/busqueda-de-iniciativas?p_p_id=iniciativas&p_p_lifecycle=0&p_p_state=normal&p_p_mode=view&_iniciativas_mode=mostrarDetalle&_iniciativas_legislatura=XII&_iniciativas_id=162/000199
29/11/2016,Proposiciones no de Ley.,"Proposición no de Ley del Grupo Parlamentario Popular en el Congreso, relativa a la conmemoración del Día Internacional de las Personas con Discapacidad.
Se vota en los términos de la enmienda transaccional presentada por todos los Grupos Parlamentarios.","Bernabé Pérez, Francisco Martín",GP,Sí,332,0,1,17,https://www.congreso.es/es/busqueda-de-iniciativas?p_p_id=iniciativas&p_p_lifecycle=0&p_p_state=normal&p_p_mode=view&_iniciativas_mode=mostrarDetalle&_iniciativas_legislatura=XII&_iniciativas_id=162/000199
29/11/2016,Proposiciones no de Ley.,"Proposición no de Ley del Grupo Parlamentario Popular en el Congreso, relativa a la conmemoración del Día Internacional de las Personas con Discapacidad.
Se vota en los términos de la enmienda transaccional presentada por todos los Grupos Parlamentarios.","Barreda Fontes, José María",GS,Sí,332,0,1,17,https://www.congreso.es/es/busqueda-de-iniciativas?p_p_id=iniciativas&p_p_lifecycle=0&p_p_state=normal&p_p_mode=view&_iniciativas_mode=mostrarDetalle&_iniciativas_legislatura=XII&_iniciativas_id=162/000199
29/11/2016,Proposiciones no de Ley.,"Proposición no de Ley del Grupo Parlamentario Popular en el Congreso, relativa a la conmemoración del Día Internacional de las Personas con Discapacidad.
Se vota en los términos de la enmienda transaccional presentada por todos los Grupos Parlamentarios.","Floriano Corrales, Carlos Javier",GP,Sí,332,0,1,17,https://www.congreso.es/es/busqueda-de-iniciativas?p_p_id=iniciativas&p_p_lifecycle=0&p_p_state=normal&p_p_mode=view&_iniciativas_mode=mostrarDetalle&_iniciativas_legislatura=XII&_iniciativas_id=162/000199
29/11/2016,Proposiciones no de Ley.,"Proposición no de Ley del Grupo Parlamentario Popular en el Congreso, relativa a la conmemoración del Día Internacional de las Personas con Discapacidad.
Se vota en los términos de la enmienda transaccional presentada por todos los Grupos Parlamentarios.","Ramos Esteban, César Joaquín",GS,Sí,332,0,1,17,https://www.congreso.es/es/busqueda-de-iniciativas?p_p_id=iniciativas&p_p_lifecycle=0&p_p_state=normal&p_p_mode=view&_iniciativas_mode=mostrarDetalle&_iniciativas_legislatura=XII&_iniciativas_id=162/000199
29/11/2016,Proposiciones no de Ley.,"Proposición no de Ley del Grupo Parlamentario Popular en el Congreso, relativa a la conmemoración del Día Internacional de las Personas con Discapacidad.
Se vota en los términos de la enmienda transaccional presentada por todos los Grupos Parlamentarios.","Escudero Berzal, Beatriz Marta",GP,Sí,332,0,1,17,https://www.congreso.es/es/busqueda-de-iniciativas?p_p_id=iniciativas&p_p_lifecycle=0&p_p_state=normal&p_p_mode=view&_iniciativas_mode=mostrarDetalle&_iniciativas_legislatura=XII&_iniciativas_id=162/000199
29/11/2016,Proposiciones no de Ley.,"Proposición no de Ley del Grupo Parlamentario Popular en el Congreso, relativa a la conmemoración del Día Internacional de las Personas con Discapacidad.
Se vota en los términos de la enmienda transaccional presentada por todos los Grupos Parlamentarios.","Postigo Quintana, Jesús",GP,Sí,332,0,1,17,https://www.congreso.es/es/busqueda-de-iniciativas?p_p_id=iniciativas&p_p_lifecycle=0&p_p_state=normal&p_p_mode=view&_iniciativas_mode=mostrarDetalle&_iniciativas_legislatura=XII&_iniciativas_id=162/000199
29/11/2016,Proposiciones no de Ley.,"Proposición no de Ley del Grupo Parlamentario Popular en el Congreso, relativa a la conmemoración del Día Internacional de las Personas con Discapacidad.
Se vota en los términos de la enmienda transaccional presentada por todos los Grupos Parlamentarios.","Cotelo Balmaseda, Mar",GP,Sí,332,0,1,17,https://www.congreso.es/es/busqueda-de-iniciativas?p_p_id=iniciativas&p_p_lifecycle=0&p_p_state=normal&p_p_mode=view&_iniciativas_mode=mostrarDetalle&_iniciativas_legislatura=XII&_iniciativas_id=162/000199
29/11/2016,Proposiciones no de Ley.,"Proposición no de Ley del Grupo Parlamentario Popular en el Congreso, relativa a la conmemoración del Día Internacional de las Personas con Discapacidad.
Se vota en los términos de la enmienda transaccional presentada por todos los Grupos Parlamentarios.","Del Río Sanz, Emilio",GP,Sí,332,0,1,17,https://www.congreso.es/es/busqueda-de-iniciativas?p_p_id=iniciativas&p_p_lifecycle=0&p_p_state=normal&p_p_mode=view&_iniciativas_mode=mostrarDetalle&_iniciativas_legislatura=XII&_iniciativas_id=162/000199
29/11/2016,Proposiciones no de Ley.,"Proposición no de Ley del Grupo Parlamentario Popular en el Congreso, relativa a la conmemoración del Día Internacional de las Personas con Discapacidad.
Se vota en los términos de la enmienda transaccional presentada por todos los Grupos Parlamentarios.","Urquizu Sancho, Ignacio",GS,Sí,332,0,1,17,https://www.congreso.es/es/busqueda-de-iniciativas?p_p_id=iniciativas&p_p_lifecycle=0&p_p_state=normal&p_p_mode=view&_iniciativas_mode=mostrarDetalle&_iniciativas_legislatura=XII&_iniciativas_id=162/000199
29/11/2016,Proposiciones no de Ley.,"Proposición no de Ley del Grupo Parlamentario Popular en el Congreso, relativa a la conmemoración del Día Internacional de las Personas con Discapacidad.
Se vota en los términos de la enmienda transaccional presentada por todos los Grupos Parlamentarios.","Romero Rodríguez, María Eugenia",GP,Sí,332,0,1,17,https://www.congreso.es/es/busqueda-de-iniciativas?p_p_id=iniciativas&p_p_lifecycle=0&p_p_state=normal&p_p_mode=view&_iniciativas_mode=mostrarDetalle&_iniciativas_legislatura=XII&_iniciativas_id=162/000199
29/11/2016,Proposiciones no de Ley.,"Proposición no de Ley del Grupo Parlamentario Popular en el Congreso, relativa a la conmemoración del Día Internacional de las Personas con Discapacidad.
Se vota en los términos de la enmienda transaccional presentada por todos los Grupos Parlamentarios.","Candón Adán, Alfonso",GP,Sí,332,0,1,17,https://www.congreso.es/es/busqueda-de-iniciativas?p_p_id=iniciativas&p_p_lifecycle=0&p_p_state=normal&p_p_mode=view&_iniciativas_mode=mostrarDetalle&_iniciativas_legislatura=XII&_iniciativas_id=162/000199
29/11/2016,Proposiciones no de Ley.,"Proposición no de Ley del Grupo Parlamentario Popular en el Congreso, relativa a la conmemoración del Día Internacional de las Personas con Discapacidad.
Se vota en los términos de la enmienda transaccional presentada por todos los Grupos Parlamentarios.","Pérez López, Santiago",GP,Sí,332,0,1,17,https://www.congreso.es/es/busqueda-de-iniciativas?p_p_id=iniciativas&p_p_lifecycle=0&p_p_state=normal&p_p_mode=view&_iniciativas_mode=mostrarDetalle&_iniciativas_legislatura=XII&_iniciativas_id=162/000199
29/11/2016,Proposiciones no de Ley.,"Proposición no de Ley del Grupo Parlamentario Popular en el Congreso, relativa a la conmemoración del Día Internacional de las Personas con Discapacidad.
Se vota en los términos de la enmienda transaccional presentada por todos los Grupos Parlamentarios.","Cantera de Castro, Zaida",GS,Sí,332,0,1,17,https://www.congreso.es/es/busqueda-de-iniciativas?p_p_id=iniciativas&p_p_lifecycle=0&p_p_state=normal&p_p_mode=view&_iniciativas_mode=mostrarDetalle&_iniciativas_legislatura=XII&_iniciativas_id=162/000199
29/11/2016,Proposiciones no de Ley.,"Proposición no de Ley del Grupo Parlamentario Popular en el Congreso, relativa a la conmemoración del Día Internacional de las Personas con Discapacidad.
Se vota en los términos de la enmienda transaccional presentada por todos los Grupos Parlamentarios.","Luis Rodríguez, Teófilo de",GP,Sí,332,0,1,17,https://www.congreso.es/es/busqueda-de-iniciativas?p_p_id=iniciativas&p_p_lifecycle=0&p_p_state=normal&p_p_mode=view&_iniciativas_mode=mostrarDetalle&_iniciativas_legislatura=XII&_iniciativas_id=162/000199
29/11/2016,Proposiciones no de Ley.,"Proposición no de Ley del Grupo Parlamentario Popular en el Congreso, relativa a la conmemoración del Día Internacional de las Personas con Discapacidad.
Se vota en los términos de la enmienda transaccional presentada por todos los Grupos Parlamentarios.","Montserrat Montserrat, Dolors",GP,Sí,332,0,1,17,https://www.congreso.es/es/busqueda-de-iniciativas?p_p_id=iniciativas&p_p_lifecycle=0&p_p_state=normal&p_p_mode=view&_iniciativas_mode=mostrarDetalle&_iniciativas_legislatura=XII&_iniciativas_id=162/000199
29/11/2016,Proposiciones no de Ley.,"Proposición no de Ley del Grupo Parlamentario Popular en el Congreso, relativa a la conmemoración del Día Internacional de las Personas con Discapacidad.
Se vota en los términos de la enmienda transaccional presentada por todos los Grupos Parlamentarios.","Alba Mullor, María Dolores",GP,Sí,332,0,1,17,https://www.congreso.es/es/busqueda-de-iniciativas?p_p_id=iniciativas&p_p_lifecycle=0&p_p_state=normal&p_p_mode=view&_iniciativas_mode=mostrarDetalle&_iniciativas_legislatura=XII&_iniciativas_id=162/000199
29/11/2016,Proposiciones no de Ley.,"Proposición no de Ley del Grupo Parlamentario Popular en el Congreso, relativa a la conmemoración del Día Internacional de las Personas con Discapacidad.
Se vota en los términos de la enmienda transaccional presentada por todos los Grupos Parlamentarios.","Hernando Fraile, Rafael Antonio",GP,Sí,332,0,1,17,https://www.congreso.es/es/busqueda-de-iniciativas?p_p_id=iniciativas&p_p_lifecycle=0&p_p_state=normal&p_p_mode=view&_iniciativas_mode=mostrarDetalle&_iniciativas_legislatura=XII&_iniciativas_id=162/000199
29/11/2016,Proposiciones no de Ley.,"Proposición no de Ley del Grupo Parlamentario Popular en el Congreso, relativa a la conmemoración del Día Internacional de las Personas con Discapacidad.
Se vota en los términos de la enmienda transaccional presentada por todos los Grupos Parlamentarios.","González Vázquez, Marta",GP,Sí,332,0,1,17,https://www.congreso.es/es/busqueda-de-iniciativas?p_p_id=iniciativas&p_p_lifecycle=0&p_p_state=normal&p_p_mode=view&_iniciativas_mode=mostrarDetalle&_iniciativas_legislatura=XII&_iniciativas_id=162/000199
29/11/2016,Proposiciones no de Ley.,"Proposición no de Ley del Grupo Parlamentario Popular en el Congreso, relativa a la conmemoración del Día Internacional de las Personas con Discapacidad.
Se vota en los términos de la enmienda transaccional presentada por todos los Grupos Parlamentarios.","Fernández García, Eduardo",GP,Sí,332,0,1,17,https://www.congreso.es/es/busqueda-de-iniciativas?p_p_id=iniciativas&p_p_lifecycle=0&p_p_state=normal&p_p_mode=view&_iniciativas_mode=mostrarDetalle&_iniciativas_legislatura=XII&_iniciativas_id=162/000199
29/11/2016,Proposiciones no de Ley.,"Proposición no de Ley del Grupo Parlamentario Popular en el Congreso, relativa a la conmemoración del Día Internacional de las Personas con Discapacidad.
Se vota en los términos de la enmienda transaccional presentada por todos los Grupos Parlamentarios.","Simancas Simancas, Rafael",GS,Sí,332,0,1,17,https://www.congreso.es/es/busqueda-de-iniciativas?p_p_id=iniciativas&p_p_lifecycle=0&p_p_state=normal&p_p_mode=view&_iniciativas_mode=mostrarDetalle&_iniciativas_legislatura=XII&_iniciativas_id=162/000199
29/11/2016,Proposiciones no de Ley.,"Proposición no de Ley del Grupo Parlamentario Popular en el Congreso, relativa a la conmemoración del Día Internacional de las Personas con Discapacidad.
Se vota en los términos de la enmienda transaccional presentada por todos los Grupos Parlamentarios.","García Hernández, José Ramón",GP,Sí,332,0,1,17,https://www.congreso.es/es/busqueda-de-iniciativas?p_p_id=iniciativas&p_p_lifecycle=0&p_p_state=normal&p_p_mode=view&_iniciativas_mode=mostrarDetalle&_iniciativas_legislatura=XII&_iniciativas_id=162/000199
29/11/2016,Proposiciones no de Ley.,"Proposición no de Ley del Grupo Parlamentario Popular en el Congreso, relativa a la conmemoración del Día Internacional de las Personas con Discapacidad.
Se vota en los términos de la enmienda transaccional presentada por todos los Grupos Parlamentarios.","Santa Ana Fernández, María de la Concepción de",GP,Sí,332,0,1,17,https://www.congreso.es/es/busqueda-de-iniciativas?p_p_id=iniciativas&p_p_lifecycle=0&p_p_state=normal&p_p_mode=view&_iniciativas_mode=mostrarDetalle&_iniciativas_legislatura=XII&_iniciativas_id=162/000199
29/11/2016,Proposiciones no de Ley.,"Proposición no de Ley del Grupo Parlamentario Popular en el Congreso, relativa a la conmemoración del Día Internacional de las Personas con Discapacidad.
Se vota en los términos de la enmienda transaccional presentada por todos los Grupos Parlamentarios.","Borrego Cortés, Isabel María",GP,Sí,332,0,1,17,https://www.congreso.es/es/busqueda-de-iniciativas?p_p_id=iniciativas&p_p_lifecycle=0&p_p_state=normal&p_p_mode=view&_iniciativas_mode=mostrarDetalle&_iniciativas_legislatura=XII&_iniciativas_id=162/000199
29/11/2016,Proposiciones no de Ley.,"Proposición no de Ley del Grupo Parlamentario Popular en el Congreso, relativa a la conmemoración del Día Internacional de las Personas con Discapacidad.
Se vota en los términos de la enmienda transaccional presentada por todos los Grupos Parlamentarios.","Sánchez-Camacho Pérez, Alicia",GP,Sí,332,0,1,17,https://www.congreso.es/es/busqueda-de-iniciativas?p_p_id=iniciativas&p_p_lifecycle=0&p_p_state=normal&p_p_mode=view&_iniciativas_mode=mostrarDetalle&_iniciativas_legislatura=XII&_iniciativas_id=162/000199
29/11/2016,Proposiciones no de Ley.,"Proposición no de Ley del Grupo Parlamentario Popular en el Congreso, relativa a la conmemoración del Día Internacional de las Personas con Discapacidad.
Se vota en los términos de la enmienda transaccional presentada por todos los Grupos Parlamentarios.","Yllanes Suárez, Juan Pedro",GCUP-EC-EM,Sí,332,0,1,17,https://www.congreso.es/es/busqueda-de-iniciativas?p_p_id=iniciativas&p_p_lifecycle=0&p_p_state=normal&p_p_mode=view&_iniciativas_mode=mostrarDetalle&_iniciativas_legislatura=XII&_iniciativas_id=162/000199
29/11/2016,Proposiciones no de Ley.,"Proposición no de Ley del Grupo Parlamentario Popular en el Congreso, relativa a la conmemoración del Día Internacional de las Personas con Discapacidad.
Se vota en los términos de la enmienda transaccional presentada por todos los Grupos Parlamentarios.","Oramas González-Moro, Ana María",GMx,Sí,332,0,1,17,https://www.congreso.es/es/busqueda-de-iniciativas?p_p_id=iniciativas&p_p_lifecycle=0&p_p_state=normal&p_p_mode=view&_iniciativas_mode=mostrarDetalle&_iniciativas_legislatura=XII&_iniciativas_id=162/000199
29/11/2016,Proposiciones no de Ley.,"Proposición no de Ley del Grupo Parlamentario Popular en el Congreso, relativa a la conmemoración del Día Internacional de las Personas con Discapacidad.
Se vota en los términos de la enmienda transaccional presentada por todos los Grupos Parlamentarios.","Rivera Díaz, Albert",GCs,Sí,332,0,1,17,https://www.congreso.es/es/busqueda-de-iniciativas?p_p_id=iniciativas&p_p_lifecycle=0&p_p_state=normal&p_p_mode=view&_iniciativas_mode=mostrarDetalle&_iniciativas_legislatura=XII&_iniciativas_id=162/000199
29/11/2016,Proposiciones no de Ley.,"Proposición no de Ley del Grupo Parlamentario Popular en el Congreso, relativa a la conmemoración del Día Internacional de las Personas con Discapacidad.
Se vota en los términos de la enmienda transaccional presentada por todos los Grupos Parlamentarios.","Gutiérrez Vivas, Miguel Ángel",GCs,Sí,332,0,1,17,https://www.congreso.es/es/busqueda-de-iniciativas?p_p_id=iniciativas&p_p_lifecycle=0&p_p_state=normal&p_p_mode=view&_iniciativas_mode=mostrarDetalle&_iniciativas_legislatura=XII&_iniciativas_id=162/000199
29/11/2016,Proposiciones no de Ley.,"Proposición no de Ley del Grupo Parlamentario Popular en el Congreso, relativa a la conmemoración del Día Internacional de las Personas con Discapacidad.
Se vota en los términos de la enmienda transaccional presentada por todos los Grupos Parlamentarios.","Roldán Monés, Antonio",GCs,Sí,332,0,1,17,https://www.congreso.es/es/busqueda-de-iniciativas?p_p_id=iniciativas&p_p_lifecycle=0&p_p_state=normal&p_p_mode=view&_iniciativas_mode=mostrarDetalle&_iniciativas_legislatura=XII&_iniciativas_id=162/000199
29/11/2016,Proposiciones no de Ley.,"Proposición no de Ley del Grupo Parlamentario Popular en el Congreso, relativa a la conmemoración del Día Internacional de las Personas con Discapacidad.
Se vota en los términos de la enmienda transaccional presentada por todos los Grupos Parlamentarios.","Rivera de la Cruz, Marta María",GCs,Sí,332,0,1,17,https://www.congreso.es/es/busqueda-de-iniciativas?p_p_id=iniciativas&p_p_lifecycle=0&p_p_state=normal&p_p_mode=view&_iniciativas_mode=mostrarDetalle&_iniciativas_legislatura=XII&_iniciativas_id=162/000199
29/11/2016,Proposiciones no de Ley.,"Proposición no de Ley del Grupo Parlamentario Popular en el Congreso, relativa a la conmemoración del Día Internacional de las Personas con Discapacidad.
Se vota en los términos de la enmienda transaccional presentada por todos los Grupos Parlamentarios.","García Mira, Ricardo Antonio",GS,Sí,332,0,1,17,https://www.congreso.es/es/busqueda-de-iniciativas?p_p_id=iniciativas&p_p_lifecycle=0&p_p_state=normal&p_p_mode=view&_iniciativas_mode=mostrarDetalle&_iniciativas_legislatura=XII&_iniciativas_id=162/000199
29/11/2016,Proposiciones no de Ley.,"Proposición no de Ley del Grupo Parlamentario Popular en el Congreso, relativa a la conmemoración del Día Internacional de las Personas con Discapacidad.
Se vota en los términos de la enmienda transaccional presentada por todos los Grupos Parlamentarios.","Villegas Pérez, José Manuel",GCs,Sí,332,0,1,17,https://www.congreso.es/es/busqueda-de-iniciativas?p_p_id=iniciativas&p_p_lifecycle=0&p_p_state=normal&p_p_mode=view&_iniciativas_mode=mostrarDetalle&_iniciativas_legislatura=XII&_iniciativas_id=162/000199
29/11/2016,Proposiciones no de Ley.,"Proposición no de Ley del Grupo Parlamentario Popular en el Congreso, relativa a la conmemoración del Día Internacional de las Personas con Discapacidad.
Se vota en los términos de la enmienda transaccional presentada por todos los Grupos Parlamentarios.","Expósito Prieto, Marcelo",GCUP-EC-EM,Sí,332,0,1,17,https://www.congreso.es/es/busqueda-de-iniciativas?p_p_id=iniciativas&p_p_lifecycle=0&p_p_state=normal&p_p_mode=view&_iniciativas_mode=mostrarDetalle&_iniciativas_legislatura=XII&_iniciativas_id=162/000199
29/11/2016,Proposiciones no de Ley.,"Proposición no de Ley del Grupo Parlamentario Popular en el Congreso, relativa a la conmemoración del Día Internacional de las Personas con Discapacidad.
Se vota en los términos de la enmienda transaccional presentada por todos los Grupos Parlamentarios.","Álvarez Álvarez, Ángeles",GS,Sí,332,0,1,17,https://www.congreso.es/es/busqueda-de-iniciativas?p_p_id=iniciativas&p_p_lifecycle=0&p_p_state=normal&p_p_mode=view&_iniciativas_mode=mostrarDetalle&_iniciativas_legislatura=XII&_iniciativas_id=162/000199
29/11/2016,Proposiciones no de Ley.,"Proposición no de Ley del Grupo Parlamentario Popular en el Congreso, relativa a la conmemoración del Día Internacional de las Personas con Discapacidad.
Se vota en los términos de la enmienda transaccional presentada por todos los Grupos Parlamentarios.","Viso Diéguez, Miguel Ángel",GP,Sí,332,0,1,17,https://www.congreso.es/es/busqueda-de-iniciativas?p_p_id=iniciativas&p_p_lifecycle=0&p_p_state=normal&p_p_mode=view&_iniciativas_mode=mostrarDetalle&_iniciativas_legislatura=XII&_iniciativas_id=162/000199
29/11/2016,Proposiciones no de Ley.,"Proposición no de Ley del Grupo Parlamentario Popular en el Congreso, relativa a la conmemoración del Día Internacional de las Personas con Discapacidad.
Se vota en los términos de la enmienda transaccional presentada por todos los Grupos Parlamentarios.","Martín-Toledano Suárez, José Alberto",GP,Sí,332,0,1,17,https://www.congreso.es/es/busqueda-de-iniciativas?p_p_id=iniciativas&p_p_lifecycle=0&p_p_state=normal&p_p_mode=view&_iniciativas_mode=mostrarDetalle&_iniciativas_legislatura=XII&_iniciativas_id=162/000199
29/11/2016,Proposiciones no de Ley.,"Proposición no de Ley del Grupo Parlamentario Popular en el Congreso, relativa a la conmemoración del Día Internacional de las Personas con Discapacidad.
Se vota en los términos de la enmienda transaccional presentada por todos los Grupos Parlamentarios.","Roca Mas, Jordi",GP,Sí,332,0,1,17,https://www.congreso.es/es/busqueda-de-iniciativas?p_p_id=iniciativas&p_p_lifecycle=0&p_p_state=normal&p_p_mode=view&_iniciativas_mode=mostrarDetalle&_iniciativas_legislatura=XII&_iniciativas_id=162/000199
29/11/2016,Proposiciones no de Ley.,"Proposición no de Ley del Grupo Parlamentario Popular en el Congreso, relativa a la conmemoración del Día Internacional de las Personas con Discapacidad.
Se vota en los términos de la enmienda transaccional presentada por todos los Grupos Parlamentarios.","Sicilia Alférez, Felipe Jesús",GS,Sí,332,0,1,17,https://www.congreso.es/es/busqueda-de-iniciativas?p_p_id=iniciativas&p_p_lifecycle=0&p_p_state=normal&p_p_mode=view&_iniciativas_mode=mostrarDetalle&_iniciativas_legislatura=XII&_iniciativas_id=162/000199
29/11/2016,Proposiciones no de Ley.,"Proposición no de Ley del Grupo Parlamentario Popular en el Congreso, relativa a la conmemoración del Día Internacional de las Personas con Discapacidad.
Se vota en los términos de la enmienda transaccional presentada por todos los Grupos Parlamentarios.","Bonilla Domínguez, María Jesús",GP,Sí,332,0,1,17,https://www.congreso.es/es/busqueda-de-iniciativas?p_p_id=iniciativas&p_p_lifecycle=0&p_p_state=normal&p_p_mode=view&_iniciativas_mode=mostrarDetalle&_iniciativas_legislatura=XII&_iniciativas_id=162/000199
29/11/2016,Proposiciones no de Ley.,"Proposición no de Ley del Grupo Parlamentario Popular en el Congreso, relativa a la conmemoración del Día Internacional de las Personas con Discapacidad.
Se vota en los términos de la enmienda transaccional presentada por todos los Grupos Parlamentarios.","Molinero Hoyos, Francisco",GP,Sí,332,0,1,17,https://www.congreso.es/es/busqueda-de-iniciativas?p_p_id=iniciativas&p_p_lifecycle=0&p_p_state=normal&p_p_mode=view&_iniciativas_mode=mostrarDetalle&_iniciativas_legislatura=XII&_iniciativas_id=162/000199
29/11/2016,Proposiciones no de Ley.,"Proposición no de Ley del Grupo Parlamentario Popular en el Congreso, relativa a la conmemoración del Día Internacional de las Personas con Discapacidad.
Se vota en los términos de la enmienda transaccional presentada por todos los Grupos Parlamentarios.","Llorens Torres, José Ignacio",GP,Sí,332,0,1,17,https://www.congreso.es/es/busqueda-de-iniciativas?p_p_id=iniciativas&p_p_lifecycle=0&p_p_state=normal&p_p_mode=view&_iniciativas_mode=mostrarDetalle&_iniciativas_legislatura=XII&_iniciativas_id=162/000199
29/11/2016,Proposiciones no de Ley.,"Proposición no de Ley del Grupo Parlamentario Popular en el Congreso, relativa a la conmemoración del Día Internacional de las Personas con Discapacidad.
Se vota en los términos de la enmienda transaccional presentada por todos los Grupos Parlamentarios.","González Guinda, María del Carmen",GP,Sí,332,0,1,17,https://www.congreso.es/es/busqueda-de-iniciativas?p_p_id=iniciativas&p_p_lifecycle=0&p_p_state=normal&p_p_mode=view&_iniciativas_mode=mostrarDetalle&_iniciativas_legislatura=XII&_iniciativas_id=162/000199
29/11/2016,Proposiciones no de Ley.,"Proposición no de Ley del Grupo Parlamentario Popular en el Congreso, relativa a la conmemoración del Día Internacional de las Personas con Discapacidad.
Se vota en los términos de la enmienda transaccional presentada por todos los Grupos Parlamentarios.","Madina Muñoz, Eduardo",GS,Sí,332,0,1,17,https://www.congreso.es/es/busqueda-de-iniciativas?p_p_id=iniciativas&p_p_lifecycle=0&p_p_state=normal&p_p_mode=view&_iniciativas_mode=mostrarDetalle&_iniciativas_legislatura=XII&_iniciativas_id=162/000199
29/11/2016,Proposiciones no de Ley.,"Proposición no de Ley del Grupo Parlamentario Popular en el Congreso, relativa a la conmemoración del Día Internacional de las Personas con Discapacidad.
Se vota en los términos de la enmienda transaccional presentada por todos los Grupos Parlamentarios.","Garaulet Rodríguez, Miguel Ángel",GCs,Sí,332,0,1,17,https://www.congreso.es/es/busqueda-de-iniciativas?p_p_id=iniciativas&p_p_lifecycle=0&p_p_state=normal&p_p_mode=view&_iniciativas_mode=mostrarDetalle&_iniciativas_legislatura=XII&_iniciativas_id=162/000199
29/11/2016,Proposiciones no de Ley.,"Proposición no de Ley del Grupo Parlamentario Popular en el Congreso, relativa a la conmemoración del Día Internacional de las Personas con Discapacidad.
Se vota en los términos de la enmienda transaccional presentada por todos los Grupos Parlamentarios.","Martínez González, José Luis",GCs,Sí,332,0,1,17,https://www.congreso.es/es/busqueda-de-iniciativas?p_p_id=iniciativas&p_p_lifecycle=0&p_p_state=normal&p_p_mode=view&_iniciativas_mode=mostrarDetalle&_iniciativas_legislatura=XII&_iniciativas_id=162/000199
29/11/2016,Proposiciones no de Ley.,"Proposición no de Ley del Grupo Parlamentario Popular en el Congreso, relativa a la conmemoración del Día Internacional de las Personas con Discapacidad.
Se vota en los términos de la enmienda transaccional presentada por todos los Grupos Parlamentarios.","Gómez Balsera, Marcial",GCs,Sí,332,0,1,17,https://www.congreso.es/es/busqueda-de-iniciativas?p_p_id=iniciativas&p_p_lifecycle=0&p_p_state=normal&p_p_mode=view&_iniciativas_mode=mostrarDetalle&_iniciativas_legislatura=XII&_iniciativas_id=162/000199
29/11/2016,Proposiciones no de Ley.,"Proposición no de Ley del Grupo Parlamentario Popular en el Congreso, relativa a la conmemoración del Día Internacional de las Personas con Discapacidad.
Se vota en los términos de la enmienda transaccional presentada por todos los Grupos Parlamentarios.","Cano Leal, Francisco Javier",GCs,Sí,332,0,1,17,https://www.congreso.es/es/busqueda-de-iniciativas?p_p_id=iniciativas&p_p_lifecycle=0&p_p_state=normal&p_p_mode=view&_iniciativas_mode=mostrarDetalle&_iniciativas_legislatura=XII&_iniciativas_id=162/000199
29/11/2016,Proposiciones no de Ley.,"Proposición no de Ley del Grupo Parlamentario Popular en el Congreso, relativa a la conmemoración del Día Internacional de las Personas con Discapacidad.
Se vota en los términos de la enmienda transaccional presentada por todos los Grupos Parlamentarios.","Posada Moreno, Jesús",GP,Sí,332,0,1,17,https://www.congreso.es/es/busqueda-de-iniciativas?p_p_id=iniciativas&p_p_lifecycle=0&p_p_state=normal&p_p_mode=view&_iniciativas_mode=mostrarDetalle&_iniciativas_legislatura=XII&_iniciativas_id=162/000199
29/11/2016,Proposiciones no de Ley.,"Proposición no de Ley del Grupo Parlamentario Popular en el Congreso, relativa a la conmemoración del Día Internacional de las Personas con Discapacidad.
Se vota en los términos de la enmienda transaccional presentada por todos los Grupos Parlamentarios.","Luena López, César",GS,Sí,332,0,1,17,https://www.congreso.es/es/busqueda-de-iniciativas?p_p_id=iniciativas&p_p_lifecycle=0&p_p_state=normal&p_p_mode=view&_iniciativas_mode=mostrarDetalle&_iniciativas_legislatura=XII&_iniciativas_id=162/000199
29/11/2016,Proposiciones no de Ley.,"Proposición no de Ley del Grupo Parlamentario Popular en el Congreso, relativa a la conmemoración del Día Internacional de las Personas con Discapacidad.
Se vota en los términos de la enmienda transaccional presentada por todos los Grupos Parlamentarios.","Paniagua Núñez, Miguel Ángel",GP,Sí,332,0,1,17,https://www.congreso.es/es/busqueda-de-iniciativas?p_p_id=iniciativas&p_p_lifecycle=0&p_p_state=normal&p_p_mode=view&_iniciativas_mode=mostrarDetalle&_iniciativas_legislatura=XII&_iniciativas_id=162/000199
29/11/2016,Proposiciones no de Ley.,"Proposición no de Ley del Grupo Parlamentario Popular en el Congreso, relativa a la conmemoración del Día Internacional de las Personas con Discapacidad.
Se vota en los términos de la enmienda transaccional presentada por todos los Grupos Parlamentarios.","López Álvarez, Patxi",GS,Sí,332,0,1,17,https://www.congreso.es/es/busqueda-de-iniciativas?p_p_id=iniciativas&p_p_lifecycle=0&p_p_state=normal&p_p_mode=view&_iniciativas_mode=mostrarDetalle&_iniciativas_legislatura=XII&_iniciativas_id=162/000199
29/11/2016,Proposiciones no de Ley.,"Proposición no de Ley del Grupo Parlamentario Popular en el Congreso, relativa a la conmemoración del Día Internacional de las Personas con Discapacidad.
Se vota en los términos de la enmienda transaccional presentada por todos los Grupos Parlamentarios.","Juncal Rodríguez, Juan Manuel",GP,Sí,332,0,1,17,https://www.congreso.es/es/busqueda-de-iniciativas?p_p_id=iniciativas&p_p_lifecycle=0&p_p_state=normal&p_p_mode=view&_iniciativas_mode=mostrarDetalle&_iniciativas_legislatura=XII&_iniciativas_id=162/000199
29/11/2016,Proposiciones no de Ley.,"Proposición no de Ley del Grupo Parlamentario Popular en el Congreso, relativa a la conmemoración del Día Internacional de las Personas con Discapacidad.
Se vota en los términos de la enmienda transaccional presentada por todos los Grupos Parlamentarios.","Navarro Garzón, Micaela",GS,Sí,332,0,1,17,https://www.congreso.es/es/busqueda-de-iniciativas?p_p_id=iniciativas&p_p_lifecycle=0&p_p_state=normal&p_p_mode=view&_iniciativas_mode=mostrarDetalle&_iniciativas_legislatura=XII&_iniciativas_id=162/000199
29/11/2016,Proposiciones no de Ley.,"Proposición no de Ley del Grupo Parlamentario Popular en el Congreso, relativa a la conmemoración del Día Internacional de las Personas con Discapacidad.
Se vota en los términos de la enmienda transaccional presentada por todos los Grupos Parlamentarios.","Blanco Garrido, Mª Mar",GP,Sí,332,0,1,17,https://www.congreso.es/es/busqueda-de-iniciativas?p_p_id=iniciativas&p_p_lifecycle=0&p_p_state=normal&p_p_mode=view&_iniciativas_mode=mostrarDetalle&_iniciativas_legislatura=XII&_iniciativas_id=162/000199
29/11/2016,Proposiciones no de Ley.,"Proposición no de Ley del Grupo Parlamentario Popular en el Congreso, relativa a la conmemoración del Día Internacional de las Personas con Discapacidad.
Se vota en los términos de la enmienda transaccional presentada por todos los Grupos Parlamentarios.","Rojo Noguera, Pilar",GP,Sí,332,0,1,17,https://www.congreso.es/es/busqueda-de-iniciativas?p_p_id=iniciativas&p_p_lifecycle=0&p_p_state=normal&p_p_mode=view&_iniciativas_mode=mostrarDetalle&_iniciativas_legislatura=XII&_iniciativas_id=162/000199
29/11/2016,Proposiciones no de Ley.,"Proposición no de Ley del Grupo Parlamentario Popular en el Congreso, relativa a la conmemoración del Día Internacional de las Personas con Discapacidad.
Se vota en los términos de la enmienda transaccional presentada por todos los Grupos Parlamentarios.","Cascales Martínez, Loreto",GP,Sí,332,0,1,17,https://www.congreso.es/es/busqueda-de-iniciativas?p_p_id=iniciativas&p_p_lifecycle=0&p_p_state=normal&p_p_mode=view&_iniciativas_mode=mostrarDetalle&_iniciativas_legislatura=XII&_iniciativas_id=162/000199
29/11/2016,Proposiciones no de Ley.,"Proposición no de Ley del Grupo Parlamentario Popular en el Congreso, relativa a la conmemoración del Día Internacional de las Personas con Discapacidad.
Se vota en los términos de la enmienda transaccional presentada por todos los Grupos Parlamentarios.","Acedo Penco, Pedro",GP,Sí,332,0,1,17,https://www.congreso.es/es/busqueda-de-iniciativas?p_p_id=iniciativas&p_p_lifecycle=0&p_p_state=normal&p_p_mode=view&_iniciativas_mode=mostrarDetalle&_iniciativas_legislatura=XII&_iniciativas_id=162/000199
29/11/2016,Proposiciones no de Ley.,"Proposición no de Ley del Grupo Parlamentario Popular en el Congreso, relativa a la conmemoración del Día Internacional de las Personas con Discapacidad.
Se vota en los términos de la enmienda transaccional presentada por todos los Grupos Parlamentarios.","Álvarez Palleiro, Félix",GCs,Sí,332,0,1,17,https://www.congreso.es/es/busqueda-de-iniciativas?p_p_id=iniciativas&p_p_lifecycle=0&p_p_state=normal&p_p_mode=view&_iniciativas_mode=mostrarDetalle&_iniciativas_legislatura=XII&_iniciativas_id=162/000199
29/11/2016,Proposiciones no de Ley.,"Proposición no de Ley del Grupo Parlamentario Popular en el Congreso, relativa a la conmemoración del Día Internacional de las Personas con Discapacidad.
Se vota en los términos de la enmienda transaccional presentada por todos los Grupos Parlamentarios.","Díaz Gómez, Guillermo",GCs,Sí,332,0,1,17,https://www.congreso.es/es/busqueda-de-iniciativas?p_p_id=iniciativas&p_p_lifecycle=0&p_p_state=normal&p_p_mode=view&_iniciativas_mode=mostrarDetalle&_iniciativas_legislatura=XII&_iniciativas_id=162/000199
29/11/2016,Proposiciones no de Ley.,"Proposición no de Ley del Grupo Parlamentario Popular en el Congreso, relativa a la conmemoración del Día Internacional de las Personas con Discapacidad.
Se vota en los términos de la enmienda transaccional presentada por todos los Grupos Parlamentarios.","Bajo Prieto, María Luz",GP,Sí,332,0,1,17,https://www.congreso.es/es/busqueda-de-iniciativas?p_p_id=iniciativas&p_p_lifecycle=0&p_p_state=normal&p_p_mode=view&_iniciativas_mode=mostrarDetalle&_iniciativas_legislatura=XII&_iniciativas_id=162/000199
29/11/2016,Proposiciones no de Ley.,"Proposición no de Ley del Grupo Parlamentario Popular en el Congreso, relativa a la conmemoración del Día Internacional de las Personas con Discapacidad.
Se vota en los términos de la enmienda transaccional presentada por todos los Grupos Parlamentarios.","Clemente Giménez, Diego",GCs,Sí,332,0,1,17,https://www.congreso.es/es/busqueda-de-iniciativas?p_p_id=iniciativas&p_p_lifecycle=0&p_p_state=normal&p_p_mode=view&_iniciativas_mode=mostrarDetalle&_iniciativas_legislatura=XII&_iniciativas_id=162/000199
29/11/2016,Proposiciones no de Ley.,"Proposición no de Ley del Grupo Parlamentario Popular en el Congreso, relativa a la conmemoración del Día Internacional de las Personas con Discapacidad.
Se vota en los términos de la enmienda transaccional presentada por todos los Grupos Parlamentarios.","Heredia Martín, Silvia",GP,Sí,332,0,1,17,https://www.congreso.es/es/busqueda-de-iniciativas?p_p_id=iniciativas&p_p_lifecycle=0&p_p_state=normal&p_p_mode=view&_iniciativas_mode=mostrarDetalle&_iniciativas_legislatura=XII&_iniciativas_id=162/000199
29/11/2016,Proposiciones no de Ley.,"Proposición no de Ley del Grupo Parlamentario Popular en el Congreso, relativa a la conmemoración del Día Internacional de las Personas con Discapacidad.
Se vota en los términos de la enmienda transaccional presentada por todos los Grupos Parlamentarios.","Carreño Fernández, María Ascensión",GP,Sí,332,0,1,17,https://www.congreso.es/es/busqueda-de-iniciativas?p_p_id=iniciativas&p_p_lifecycle=0&p_p_state=normal&p_p_mode=view&_iniciativas_mode=mostrarDetalle&_iniciativas_legislatura=XII&_iniciativas_id=162/000199
29/11/2016,Proposiciones no de Ley.,"Proposición no de Ley del Grupo Parlamentario Popular en el Congreso, relativa a la conmemoración del Día Internacional de las Personas con Discapacidad.
Se vota en los términos de la enmienda transaccional presentada por todos los Grupos Parlamentarios.","Saura García, Pedro",GS,Sí,332,0,1,17,https://www.congreso.es/es/busqueda-de-iniciativas?p_p_id=iniciativas&p_p_lifecycle=0&p_p_state=normal&p_p_mode=view&_iniciativas_mode=mostrarDetalle&_iniciativas_legislatura=XII&_iniciativas_id=162/000199
29/11/2016,Proposiciones no de Ley.,"Proposición no de Ley del Grupo Parlamentario Popular en el Congreso, relativa a la conmemoración del Día Internacional de las Personas con Discapacidad.
Se vota en los términos de la enmienda transaccional presentada por todos los Grupos Parlamentarios.","Millán Salmerón, María Virginia",GCs,Sí,332,0,1,17,https://www.congreso.es/es/busqueda-de-iniciativas?p_p_id=iniciativas&p_p_lifecycle=0&p_p_state=normal&p_p_mode=view&_iniciativas_mode=mostrarDetalle&_iniciativas_legislatura=XII&_iniciativas_id=162/000199
29/11/2016,Proposiciones no de Ley.,"Proposición no de Ley del Grupo Parlamentario Popular en el Congreso, relativa a la conmemoración del Día Internacional de las Personas con Discapacidad.
Se vota en los términos de la enmienda transaccional presentada por todos los Grupos Parlamentarios.","Marí Bosó, José Vicente",GP,Sí,332,0,1,17,https://www.congreso.es/es/busqueda-de-iniciativas?p_p_id=iniciativas&p_p_lifecycle=0&p_p_state=normal&p_p_mode=view&_iniciativas_mode=mostrarDetalle&_iniciativas_legislatura=XII&_iniciativas_id=162/000199
29/11/2016,Proposiciones no de Ley.,"Proposición no de Ley del Grupo Parlamentario Popular en el Congreso, relativa a la conmemoración del Día Internacional de las Personas con Discapacidad.
Se vota en los términos de la enmienda transaccional presentada por todos los Grupos Parlamentarios.","Bravo Baena, Juan",GP,Sí,332,0,1,17,https://www.congreso.es/es/busqueda-de-iniciativas?p_p_id=iniciativas&p_p_lifecycle=0&p_p_state=normal&p_p_mode=view&_iniciativas_mode=mostrarDetalle&_iniciativas_legislatura=XII&_iniciativas_id=162/000199
29/11/2016,Proposiciones no de Ley.,"Proposición no de Ley del Grupo Parlamentario Popular en el Congreso, relativa a la conmemoración del Día Internacional de las Personas con Discapacidad.
Se vota en los términos de la enmienda transaccional presentada por todos los Grupos Parlamentarios.","Delgado Ramos, Juan Antonio",GCUP-EC-EM,Sí,332,0,1,17,https://www.congreso.es/es/busqueda-de-iniciativas?p_p_id=iniciativas&p_p_lifecycle=0&p_p_state=normal&p_p_mode=view&_iniciativas_mode=mostrarDetalle&_iniciativas_legislatura=XII&_iniciativas_id=162/000199
29/11/2016,Proposiciones no de Ley.,"Proposición no de Ley del Grupo Parlamentario Popular en el Congreso, relativa a la conmemoración del Día Internacional de las Personas con Discapacidad.
Se vota en los términos de la enmienda transaccional presentada por todos los Grupos Parlamentarios.","Gómez García, Rodrigo",GCs,Sí,332,0,1,17,https://www.congreso.es/es/busqueda-de-iniciativas?p_p_id=iniciativas&p_p_lifecycle=0&p_p_state=normal&p_p_mode=view&_iniciativas_mode=mostrarDetalle&_iniciativas_legislatura=XII&_iniciativas_id=162/000199
29/11/2016,Proposiciones no de Ley.,"Proposición no de Ley del Grupo Parlamentario Popular en el Congreso, relativa a la conmemoración del Día Internacional de las Personas con Discapacidad.
Se vota en los términos de la enmienda transaccional presentada por todos los Grupos Parlamentarios.","Hurtado Zurera, Antonio",GS,Sí,332,0,1,17,https://www.congreso.es/es/busqueda-de-iniciativas?p_p_id=iniciativas&p_p_lifecycle=0&p_p_state=normal&p_p_mode=view&_iniciativas_mode=mostrarDetalle&_iniciativas_legislatura=XII&_iniciativas_id=162/000199
29/11/2016,Proposiciones no de Ley.,"Proposición no de Ley del Grupo Parlamentario Popular en el Congreso, relativa a la conmemoración del Día Internacional de las Personas con Discapacidad.
Se vota en los términos de la enmienda transaccional presentada por todos los Grupos Parlamentarios.","Ramírez Freire, Saúl",GCs,Sí,332,0,1,17,https://www.congreso.es/es/busqueda-de-iniciativas?p_p_id=iniciativas&p_p_lifecycle=0&p_p_state=normal&p_p_mode=view&_iniciativas_mode=mostrarDetalle&_iniciativas_legislatura=XII&_iniciativas_id=162/000199
29/11/2016,Proposiciones no de Ley.,"Proposición no de Ley del Grupo Parlamentario Popular en el Congreso, relativa a la conmemoración del Día Internacional de las Personas con Discapacidad.
Se vota en los términos de la enmienda transaccional presentada por todos los Grupos Parlamentarios.","Echániz Salgado, José Ignacio",GP,Sí,332,0,1,17,https://www.congreso.es/es/busqueda-de-iniciativas?p_p_id=iniciativas&p_p_lifecycle=0&p_p_state=normal&p_p_mode=view&_iniciativas_mode=mostrarDetalle&_iniciativas_legislatura=XII&_iniciativas_id=162/000199
29/11/2016,Proposiciones no de Ley.,"Proposición no de Ley del Grupo Parlamentario Popular en el Congreso, relativa a la conmemoración del Día Internacional de las Personas con Discapacidad.
Se vota en los términos de la enmienda transaccional presentada por todos los Grupos Parlamentarios.","Elizo Serrano, María Gloria",GCUP-EC-EM,Sí,332,0,1,17,https://www.congreso.es/es/busqueda-de-iniciativas?p_p_id=iniciativas&p_p_lifecycle=0&p_p_state=normal&p_p_mode=view&_iniciativas_mode=mostrarDetalle&_iniciativas_legislatura=XII&_iniciativas_id=162/000199
29/11/2016,Proposiciones no de Ley.,"Proposición no de Ley del Grupo Parlamentario Popular en el Congreso, relativa a la conmemoración del Día Internacional de las Personas con Discapacidad.
Se vota en los términos de la enmienda transaccional presentada por todos los Grupos Parlamentarios.","Pradas Torres, Antonio",GS,Sí,332,0,1,17,https://www.congreso.es/es/busqueda-de-iniciativas?p_p_id=iniciativas&p_p_lifecycle=0&p_p_state=normal&p_p_mode=view&_iniciativas_mode=mostrarDetalle&_iniciativas_legislatura=XII&_iniciativas_id=162/000199
29/11/2016,Proposiciones no de Ley.,"Proposición no de Ley del Grupo Parlamentario Popular en el Congreso, relativa a la conmemoración del Día Internacional de las Personas con Discapacidad.
Se vota en los términos de la enmienda transaccional presentada por todos los Grupos Parlamentarios.","Valido Pérez, Carmen",GCUP-EC-EM,Sí,332,0,1,17,https://www.congreso.es/es/busqueda-de-iniciativas?p_p_id=iniciativas&p_p_lifecycle=0&p_p_state=normal&p_p_mode=view&_iniciativas_mode=mostrarDetalle&_iniciativas_legislatura=XII&_iniciativas_id=162/000199
29/11/2016,Proposiciones no de Ley.,"Proposición no de Ley del Grupo Parlamentario Popular en el Congreso, relativa a la conmemoración del Día Internacional de las Personas con Discapacidad.
Se vota en los términos de la enmienda transaccional presentada por todos los Grupos Parlamentarios.","Pita Cárdenes, María del Carmen",GCUP-EC-EM,Sí,332,0,1,17,https://www.congreso.es/es/busqueda-de-iniciativas?p_p_id=iniciativas&p_p_lifecycle=0&p_p_state=normal&p_p_mode=view&_iniciativas_mode=mostrarDetalle&_iniciativas_legislatura=XII&_iniciativas_id=162/000199
29/11/2016,Proposiciones no de Ley.,"Proposición no de Ley del Grupo Parlamentario Popular en el Congreso, relativa a la conmemoración del Día Internacional de las Personas con Discapacidad.
Se vota en los términos de la enmienda transaccional presentada por todos los Grupos Parlamentarios.","Martínez Oblanca, Isidro Manuel",GMx,Sí,332,0,1,17,https://www.congreso.es/es/busqueda-de-iniciativas?p_p_id=iniciativas&p_p_lifecycle=0&p_p_state=normal&p_p_mode=view&_iniciativas_mode=mostrarDetalle&_iniciativas_legislatura=XII&_iniciativas_id=162/000199
29/11/2016,Proposiciones no de Ley.,"Proposición no de Ley del Grupo Parlamentario Popular en el Congreso, relativa a la conmemoración del Día Internacional de las Personas con Discapacidad.
Se vota en los términos de la enmienda transaccional presentada por todos los Grupos Parlamentarios.","Olano Vela, Jaime Eduardo de",GP,Sí,332,0,1,17,https://www.congreso.es/es/busqueda-de-iniciativas?p_p_id=iniciativas&p_p_lifecycle=0&p_p_state=normal&p_p_mode=view&_iniciativas_mode=mostrarDetalle&_iniciativas_legislatura=XII&_iniciativas_id=162/000199
29/11/2016,Proposiciones no de Ley.,"Proposición no de Ley del Grupo Parlamentario Popular en el Congreso, relativa a la conmemoración del Día Internacional de las Personas con Discapacidad.
Se vota en los términos de la enmienda transaccional presentada por todos los Grupos Parlamentarios.","Rodríguez Ramos, María Soraya",GS,Sí,332,0,1,17,https://www.congreso.es/es/busqueda-de-iniciativas?p_p_id=iniciativas&p_p_lifecycle=0&p_p_state=normal&p_p_mode=view&_iniciativas_mode=mostrarDetalle&_iniciativas_legislatura=XII&_iniciativas_id=162/000199
29/11/2016,Proposiciones no de Ley.,"Proposición no de Ley del Grupo Parlamentario Popular en el Congreso, relativa a la conmemoración del Día Internacional de las Personas con Discapacidad.
Se vota en los términos de la enmienda transaccional presentada por todos los Grupos Parlamentarios.","Montero Gil, Irene María",GCUP-EC-EM,Sí,332,0,1,17,https://www.congreso.es/es/busqueda-de-iniciativas?p_p_id=iniciativas&p_p_lifecycle=0&p_p_state=normal&p_p_mode=view&_iniciativas_mode=mostrarDetalle&_iniciativas_legislatura=XII&_iniciativas_id=162/000199
29/11/2016,Proposiciones no de Ley.,"Proposición no de Ley del Grupo Parlamentario Popular en el Congreso, relativa a la conmemoración del Día Internacional de las Personas con Discapacidad.
Se vota en los términos de la enmienda transaccional presentada por todos los Grupos Parlamentarios.","Muñoz González, Pedro José",GS,Sí,332,0,1,17,https://www.congreso.es/es/busqueda-de-iniciativas?p_p_id=iniciativas&p_p_lifecycle=0&p_p_state=normal&p_p_mode=view&_iniciativas_mode=mostrarDetalle&_iniciativas_legislatura=XII&_iniciativas_id=162/000199
29/11/2016,Proposiciones no de Ley.,"Proposición no de Ley del Grupo Parlamentario Popular en el Congreso, relativa a la conmemoración del Día Internacional de las Personas con Discapacidad.
Se vota en los términos de la enmienda transaccional presentada por todos los Grupos Parlamentarios.","Camps Devesa, Gerardo",GP,Sí,332,0,1,17,https://www.congreso.es/es/busqueda-de-iniciativas?p_p_id=iniciativas&p_p_lifecycle=0&p_p_state=normal&p_p_mode=view&_iniciativas_mode=mostrarDetalle&_iniciativas_legislatura=XII&_iniciativas_id=162/000199
29/11/2016,Proposiciones no de Ley.,"Proposición no de Ley del Grupo Parlamentario Popular en el Congreso, relativa a la conmemoración del Día Internacional de las Personas con Discapacidad.
Se vota en los términos de la enmienda transaccional presentada por todos los Grupos Parlamentarios.","Gordo Pérez, Juan Luis",GS,Sí,332,0,1,17,https://www.congreso.es/es/busqueda-de-iniciativas?p_p_id=iniciativas&p_p_lifecycle=0&p_p_state=normal&p_p_mode=view&_iniciativas_mode=mostrarDetalle&_iniciativas_legislatura=XII&_iniciativas_id=162/000199
29/11/2016,Proposiciones no de Ley.,"Proposición no de Ley del Grupo Parlamentario Popular en el Congreso, relativa a la conmemoración del Día Internacional de las Personas con Discapacidad.
Se vota en los términos de la enmienda transaccional presentada por todos los Grupos Parlamentarios.","Torres Mora, José Andrés",GS,Sí,332,0,1,17,https://www.congreso.es/es/busqueda-de-iniciativas?p_p_id=iniciativas&p_p_lifecycle=0&p_p_state=normal&p_p_mode=view&_iniciativas_mode=mostrarDetalle&_iniciativas_legislatura=XII&_iniciativas_id=162/000199
29/11/2016,Proposiciones no de Ley.,"Proposición no de Ley del Grupo Parlamentario Popular en el Congreso, relativa a la conmemoración del Día Internacional de las Personas con Discapacidad.
Se vota en los términos de la enmienda transaccional presentada por todos los Grupos Parlamentarios.","Franquis Vera, Sebastián",GS,Sí,332,0,1,17,https://www.congreso.es/es/busqueda-de-iniciativas?p_p_id=iniciativas&p_p_lifecycle=0&p_p_state=normal&p_p_mode=view&_iniciativas_mode=mostrarDetalle&_iniciativas_legislatura=XII&_iniciativas_id=162/000199
29/11/2016,Proposiciones no de Ley.,"Proposición no de Ley del Grupo Parlamentario Popular en el Congreso, relativa a la conmemoración del Día Internacional de las Personas con Discapacidad.
Se vota en los términos de la enmienda transaccional presentada por todos los Grupos Parlamentarios.","Clavell López, Óscar",GP,Sí,332,0,1,17,https://www.congreso.es/es/busqueda-de-iniciativas?p_p_id=iniciativas&p_p_lifecycle=0&p_p_state=normal&p_p_mode=view&_iniciativas_mode=mostrarDetalle&_iniciativas_legislatura=XII&_iniciativas_id=162/000199
29/11/2016,Proposiciones no de Ley.,"Proposición no de Ley del Grupo Parlamentario Popular en el Congreso, relativa a la conmemoración del Día Internacional de las Personas con Discapacidad.
Se vota en los términos de la enmienda transaccional presentada por todos los Grupos Parlamentarios.","Iglesias Turrión, Pablo",GCUP-EC-EM,Sí,332,0,1,17,https://www.congreso.es/es/busqueda-de-iniciativas?p_p_id=iniciativas&p_p_lifecycle=0&p_p_state=normal&p_p_mode=view&_iniciativas_mode=mostrarDetalle&_iniciativas_legislatura=XII&_iniciativas_id=162/000199
29/11/2016,Proposiciones no de Ley.,"Proposición no de Ley del Grupo Parlamentario Popular en el Congreso, relativa a la conmemoración del Día Internacional de las Personas con Discapacidad.
Se vota en los términos de la enmienda transaccional presentada por todos los Grupos Parlamentarios.","Meijón Couselo, Guillermo Antonio",GS,Sí,332,0,1,17,https://www.congreso.es/es/busqueda-de-iniciativas?p_p_id=iniciativas&p_p_lifecycle=0&p_p_state=normal&p_p_mode=view&_iniciativas_mode=mostrarDetalle&_iniciativas_legislatura=XII&_iniciativas_id=162/000199
29/11/2016,Proposiciones no de Ley.,"Proposición no de Ley del Grupo Parlamentario Popular en el Congreso, relativa a la conmemoración del Día Internacional de las Personas con Discapacidad.
Se vota en los términos de la enmienda transaccional presentada por todos los Grupos Parlamentarios.","Sánchez Serna, Javier",GCUP-EC-EM,Sí,332,0,1,17,https://www.congreso.es/es/busqueda-de-iniciativas?p_p_id=iniciativas&p_p_lifecycle=0&p_p_state=normal&p_p_mode=view&_iniciativas_mode=mostrarDetalle&_iniciativas_legislatura=XII&_iniciativas_id=162/000199
29/11/2016,Proposiciones no de Ley.,"Proposición no de Ley del Grupo Parlamentario Popular en el Congreso, relativa a la conmemoración del Día Internacional de las Personas con Discapacidad.
Se vota en los términos de la enmienda transaccional presentada por todos los Grupos Parlamentarios.","Martínez Saiz, Teófila",GP,Sí,332,0,1,17,https://www.congreso.es/es/busqueda-de-iniciativas?p_p_id=iniciativas&p_p_lifecycle=0&p_p_state=normal&p_p_mode=view&_iniciativas_mode=mostrarDetalle&_iniciativas_legislatura=XII&_iniciativas_id=162/000199
29/11/2016,Proposiciones no de Ley.,"Proposición no de Ley del Grupo Parlamentario Popular en el Congreso, relativa a la conmemoración del Día Internacional de las Personas con Discapacidad.
Se vota en los términos de la enmienda transaccional presentada por todos los Grupos Parlamentarios.","García-Pelayo Jurado, María José",GP,Sí,332,0,1,17,https://www.congreso.es/es/busqueda-de-iniciativas?p_p_id=iniciativas&p_p_lifecycle=0&p_p_state=normal&p_p_mode=view&_iniciativas_mode=mostrarDetalle&_iniciativas_legislatura=XII&_iniciativas_id=162/000199
29/11/2016,Proposiciones no de Ley.,"Proposición no de Ley del Grupo Parlamentario Popular en el Congreso, relativa a la conmemoración del Día Internacional de las Personas con Discapacidad.
Se vota en los términos de la enmienda transaccional presentada por todos los Grupos Parlamentarios.","Catalá Polo, Rafael",GP,Sí,332,0,1,17,https://www.congreso.es/es/busqueda-de-iniciativas?p_p_id=iniciativas&p_p_lifecycle=0&p_p_state=normal&p_p_mode=view&_iniciativas_mode=mostrarDetalle&_iniciativas_legislatura=XII&_iniciativas_id=162/000199
29/11/2016,Proposiciones no de Ley.,"Proposición no de Ley del Grupo Parlamentario Popular en el Congreso, relativa a la conmemoración del Día Internacional de las Personas con Discapacidad.
Se vota en los términos de la enmienda transaccional presentada por todos los Grupos Parlamentarios.","Serrada Pariente, David",GS,Sí,332,0,1,17,https://www.congreso.es/es/busqueda-de-iniciativas?p_p_id=iniciativas&p_p_lifecycle=0&p_p_state=normal&p_p_mode=view&_iniciativas_mode=mostrarDetalle&_iniciativas_legislatura=XII&_iniciativas_id=162/000199
29/11/2016,Proposiciones no de Ley.,"Proposición no de Ley del Grupo Parlamentario Popular en el Congreso, relativa a la conmemoración del Día Internacional de las Personas con Discapacidad.
Se vota en los términos de la enmienda transaccional presentada por todos los Grupos Parlamentarios.","González Terol, Antonio",GP,Sí,332,0,1,17,https://www.congreso.es/es/busqueda-de-iniciativas?p_p_id=iniciativas&p_p_lifecycle=0&p_p_state=normal&p_p_mode=view&_iniciativas_mode=mostrarDetalle&_iniciativas_legislatura=XII&_iniciativas_id=162/000199
29/11/2016,Proposiciones no de Ley.,"Proposición no de Ley del Grupo Parlamentario Popular en el Congreso, relativa a la conmemoración del Día Internacional de las Personas con Discapacidad.
Se vota en los términos de la enmienda transaccional presentada por todos los Grupos Parlamentarios.","Ábalos Meco, José Luis",GS,Sí,332,0,1,17,https://www.congreso.es/es/busqueda-de-iniciativas?p_p_id=iniciativas&p_p_lifecycle=0&p_p_state=normal&p_p_mode=view&_iniciativas_mode=mostrarDetalle&_iniciativas_legislatura=XII&_iniciativas_id=162/000199
29/11/2016,Proposiciones no de Ley.,"Proposición no de Ley del Grupo Parlamentario Popular en el Congreso, relativa a la conmemoración del Día Internacional de las Personas con Discapacidad.
Se vota en los términos de la enmienda transaccional presentada por todos los Grupos Parlamentarios.","Honorato Chulián, María Auxiliadora",GCUP-EC-EM,Sí,332,0,1,17,https://www.congreso.es/es/busqueda-de-iniciativas?p_p_id=iniciativas&p_p_lifecycle=0&p_p_state=normal&p_p_mode=view&_iniciativas_mode=mostrarDetalle&_iniciativas_legislatura=XII&_iniciativas_id=162/000199
29/11/2016,Proposiciones no de Ley.,"Proposición no de Ley del Grupo Parlamentario Popular en el Congreso, relativa a la conmemoración del Día Internacional de las Personas con Discapacidad.
Se vota en los términos de la enmienda transaccional presentada por todos los Grupos Parlamentarios.","Pascual Peña, Sergio",GCUP-EC-EM,Sí,332,0,1,17,https://www.congreso.es/es/busqueda-de-iniciativas?p_p_id=iniciativas&p_p_lifecycle=0&p_p_state=normal&p_p_mode=view&_iniciativas_mode=mostrarDetalle&_iniciativas_legislatura=XII&_iniciativas_id=162/000199
29/11/2016,Proposiciones no de Ley.,"Proposición no de Ley del Grupo Parlamentario Popular en el Congreso, relativa a la conmemoración del Día Internacional de las Personas con Discapacidad.
Se vota en los términos de la enmienda transaccional presentada por todos los Grupos Parlamentarios.","Terrón Berbel, Ana Belén",GCUP-EC-EM,Sí,332,0,1,17,https://www.congreso.es/es/busqueda-de-iniciativas?p_p_id=iniciativas&p_p_lifecycle=0&p_p_state=normal&p_p_mode=view&_iniciativas_mode=mostrarDetalle&_iniciativas_legislatura=XII&_iniciativas_id=162/000199
29/11/2016,Proposiciones no de Ley.,"Proposición no de Ley del Grupo Parlamentario Popular en el Congreso, relativa a la conmemoración del Día Internacional de las Personas con Discapacidad.
Se vota en los términos de la enmienda transaccional presentada por todos los Grupos Parlamentarios.","Gutiérrez Limones, Antonio",GS,Sí,332,0,1,17,https://www.congreso.es/es/busqueda-de-iniciativas?p_p_id=iniciativas&p_p_lifecycle=0&p_p_state=normal&p_p_mode=view&_iniciativas_mode=mostrarDetalle&_iniciativas_legislatura=XII&_iniciativas_id=162/000199
29/11/2016,Proposiciones no de Ley.,"Proposición no de Ley del Grupo Parlamentario Popular en el Congreso, relativa a la conmemoración del Día Internacional de las Personas con Discapacidad.
Se vota en los términos de la enmienda transaccional presentada por todos los Grupos Parlamentarios.","Bellido Acevedo, Pablo",GS,Sí,332,0,1,17,https://www.congreso.es/es/busqueda-de-iniciativas?p_p_id=iniciativas&p_p_lifecycle=0&p_p_state=normal&p_p_mode=view&_iniciativas_mode=mostrarDetalle&_iniciativas_legislatura=XII&_iniciativas_id=162/000199
29/11/2016,Proposiciones no de Ley.,"Proposición no de Ley del Grupo Parlamentario Popular en el Congreso, relativa a la conmemoración del Día Internacional de las Personas con Discapacidad.
Se vota en los términos de la enmienda transaccional presentada por todos los Grupos Parlamentarios.","Pérez Domínguez, María Soledad",GS,Sí,332,0,1,17,https://www.congreso.es/es/busqueda-de-iniciativas?p_p_id=iniciativas&p_p_lifecycle=0&p_p_state=normal&p_p_mode=view&_iniciativas_mode=mostrarDetalle&_iniciativas_legislatura=XII&_iniciativas_id=162/000199
29/11/2016,Proposiciones no de Ley.,"Proposición no de Ley del Grupo Parlamentario Popular en el Congreso, relativa a la conmemoración del Día Internacional de las Personas con Discapacidad.
Se vota en los términos de la enmienda transaccional presentada por todos los Grupos Parlamentarios.","Lucio Carrasco, María Pilar",GS,Sí,332,0,1,17,https://www.congreso.es/es/busqueda-de-iniciativas?p_p_id=iniciativas&p_p_lifecycle=0&p_p_state=normal&p_p_mode=view&_iniciativas_mode=mostrarDetalle&_iniciativas_legislatura=XII&_iniciativas_id=162/000199
29/11/2016,Proposiciones no de Ley.,"Proposición no de Ley del Grupo Parlamentario Popular en el Congreso, relativa a la conmemoración del Día Internacional de las Personas con Discapacidad.
Se vota en los términos de la enmienda transaccional presentada por todos los Grupos Parlamentarios.","Ramón Utrabo, Elvira",GS,Sí,332,0,1,17,https://www.congreso.es/es/busqueda-de-iniciativas?p_p_id=iniciativas&p_p_lifecycle=0&p_p_state=normal&p_p_mode=view&_iniciativas_mode=mostrarDetalle&_iniciativas_legislatura=XII&_iniciativas_id=162/000199
29/11/2016,Proposiciones no de Ley.,"Proposición no de Ley del Grupo Parlamentario Popular en el Congreso, relativa a la conmemoración del Día Internacional de las Personas con Discapacidad.
Se vota en los términos de la enmienda transaccional presentada por todos los Grupos Parlamentarios.","García-Margallo y Marfil, José Manuel",GP,Sí,332,0,1,17,https://www.congreso.es/es/busqueda-de-iniciativas?p_p_id=iniciativas&p_p_lifecycle=0&p_p_state=normal&p_p_mode=view&_iniciativas_mode=mostrarDetalle&_iniciativas_legislatura=XII&_iniciativas_id=162/000199
29/11/2016,Proposiciones no de Ley.,"Proposición no de Ley del Grupo Parlamentario Popular en el Congreso, relativa a la conmemoración del Día Internacional de las Personas con Discapacidad.
Se vota en los términos de la enmienda transaccional presentada por todos los Grupos Parlamentarios.","Belarra Urteaga, Ione",GCUP-EC-EM,Sí,332,0,1,17,https://www.congreso.es/es/busqueda-de-iniciativas?p_p_id=iniciativas&p_p_lifecycle=0&p_p_state=normal&p_p_mode=view&_iniciativas_mode=mostrarDetalle&_iniciativas_legislatura=XII&_iniciativas_id=162/000199
29/11/2016,Proposiciones no de Ley.,"Proposición no de Ley del Grupo Parlamentario Popular en el Congreso, relativa a la conmemoración del Día Internacional de las Personas con Discapacidad.
Se vota en los términos de la enmienda transaccional presentada por todos los Grupos Parlamentarios.","Monereo Pérez, Manuel",GCUP-EC-EM,Sí,332,0,1,17,https://www.congreso.es/es/busqueda-de-iniciativas?p_p_id=iniciativas&p_p_lifecycle=0&p_p_state=normal&p_p_mode=view&_iniciativas_mode=mostrarDetalle&_iniciativas_legislatura=XII&_iniciativas_id=162/000199
29/11/2016,Proposiciones no de Ley.,"Proposición no de Ley del Grupo Parlamentario Popular en el Congreso, relativa a la conmemoración del Día Internacional de las Personas con Discapacidad.
Se vota en los términos de la enmienda transaccional presentada por todos los Grupos Parlamentarios.","Rominguera Salazar, María del Mar",GS,Sí,332,0,1,17,https://www.congreso.es/es/busqueda-de-iniciativas?p_p_id=iniciativas&p_p_lifecycle=0&p_p_state=normal&p_p_mode=view&_iniciativas_mode=mostrarDetalle&_iniciativas_legislatura=XII&_iniciativas_id=162/000199
29/11/2016,Proposiciones no de Ley.,"Proposición no de Ley del Grupo Parlamentario Popular en el Congreso, relativa a la conmemoración del Día Internacional de las Personas con Discapacidad.
Se vota en los términos de la enmienda transaccional presentada por todos los Grupos Parlamentarios.","Herrero Bono, José Alberto",GP,Sí,332,0,1,17,https://www.congreso.es/es/busqueda-de-iniciativas?p_p_id=iniciativas&p_p_lifecycle=0&p_p_state=normal&p_p_mode=view&_iniciativas_mode=mostrarDetalle&_iniciativas_legislatura=XII&_iniciativas_id=162/000199
29/11/2016,Proposiciones no de Ley.,"Proposición no de Ley del Grupo Parlamentario Popular en el Congreso, relativa a la conmemoración del Día Internacional de las Personas con Discapacidad.
Se vota en los términos de la enmienda transaccional presentada por todos los Grupos Parlamentarios.","Errejón Galván, Íñigo",GCUP-EC-EM,Sí,332,0,1,17,https://www.congreso.es/es/busqueda-de-iniciativas?p_p_id=iniciativas&p_p_lifecycle=0&p_p_state=normal&p_p_mode=view&_iniciativas_mode=mostrarDetalle&_iniciativas_legislatura=XII&_iniciativas_id=162/000199
29/11/2016,Proposiciones no de Ley.,"Proposición no de Ley del Grupo Parlamentario Popular en el Congreso, relativa a la conmemoración del Día Internacional de las Personas con Discapacidad.
Se vota en los términos de la enmienda transaccional presentada por todos los Grupos Parlamentarios.","Martínez Rodríguez, María Rosa",GCUP-EC-EM,Sí,332,0,1,17,https://www.congreso.es/es/busqueda-de-iniciativas?p_p_id=iniciativas&p_p_lifecycle=0&p_p_state=normal&p_p_mode=view&_iniciativas_mode=mostrarDetalle&_iniciativas_legislatura=XII&_iniciativas_id=162/000199
29/11/2016,Proposiciones no de Ley.,"Proposición no de Ley del Grupo Parlamentario Popular en el Congreso, relativa a la conmemoración del Día Internacional de las Personas con Discapacidad.
Se vota en los términos de la enmienda transaccional presentada por todos los Grupos Parlamentarios.","Alba Goveli, Nayua Miriam",GCUP-EC-EM,Sí,332,0,1,17,https://www.congreso.es/es/busqueda-de-iniciativas?p_p_id=iniciativas&p_p_lifecycle=0&p_p_state=normal&p_p_mode=view&_iniciativas_mode=mostrarDetalle&_iniciativas_legislatura=XII&_iniciativas_id=162/000199
29/11/2016,Proposiciones no de Ley.,"Proposición no de Ley del Grupo Parlamentario Popular en el Congreso, relativa a la conmemoración del Día Internacional de las Personas con Discapacidad.
Se vota en los términos de la enmienda transaccional presentada por todos los Grupos Parlamentarios.","Maura Zorita, Eduardo Javier",GCUP-EC-EM,Sí,332,0,1,17,https://www.congreso.es/es/busqueda-de-iniciativas?p_p_id=iniciativas&p_p_lifecycle=0&p_p_state=normal&p_p_mode=view&_iniciativas_mode=mostrarDetalle&_iniciativas_legislatura=XII&_iniciativas_id=162/000199
29/11/2016,Proposiciones no de Ley.,"Proposición no de Ley del Grupo Parlamentario Popular en el Congreso, relativa a la conmemoración del Día Internacional de las Personas con Discapacidad.
Se vota en los términos de la enmienda transaccional presentada por todos los Grupos Parlamentarios.","Isac García, Ángeles",GP,Sí,332,0,1,17,https://www.congreso.es/es/busqueda-de-iniciativas?p_p_id=iniciativas&p_p_lifecycle=0&p_p_state=normal&p_p_mode=view&_iniciativas_mode=mostrarDetalle&_iniciativas_legislatura=XII&_iniciativas_id=162/000199
29/11/2016,Proposiciones no de Ley.,"Proposición no de Ley del Grupo Parlamentario Popular en el Congreso, relativa a la conmemoración del Día Internacional de las Personas con Discapacidad.
Se vota en los términos de la enmienda transaccional presentada por todos los Grupos Parlamentarios.","Navarro Lacoba, Carmen",GP,Sí,332,0,1,17,https://www.congreso.es/es/busqueda-de-iniciativas?p_p_id=iniciativas&p_p_lifecycle=0&p_p_state=normal&p_p_mode=view&_iniciativas_mode=mostrarDetalle&_iniciativas_legislatura=XII&_iniciativas_id=162/000199
29/11/2016,Proposiciones no de Ley.,"Proposición no de Ley del Grupo Parlamentario Popular en el Congreso, relativa a la conmemoración del Día Internacional de las Personas con Discapacidad.
Se vota en los términos de la enmienda transaccional presentada por todos los Grupos Parlamentarios.","González Bayo, Josefa Inmaculada",GS,Sí,332,0,1,17,https://www.congreso.es/es/busqueda-de-iniciativas?p_p_id=iniciativas&p_p_lifecycle=0&p_p_state=normal&p_p_mode=view&_iniciativas_mode=mostrarDetalle&_iniciativas_legislatura=XII&_iniciativas_id=162/000199
29/11/2016,Proposiciones no de Ley.,"Proposición no de Ley del Grupo Parlamentario Popular en el Congreso, relativa a la conmemoración del Día Internacional de las Personas con Discapacidad.
Se vota en los términos de la enmienda transaccional presentada por todos los Grupos Parlamentarios.","Serrano Jiménez, María Jesús",GS,Sí,332,0,1,17,https://www.congreso.es/es/busqueda-de-iniciativas?p_p_id=iniciativas&p_p_lifecycle=0&p_p_state=normal&p_p_mode=view&_iniciativas_mode=mostrarDetalle&_iniciativas_legislatura=XII&_iniciativas_id=162/000199
29/11/2016,Proposiciones no de Ley.,"Proposición no de Ley del Grupo Parlamentario Popular en el Congreso, relativa a la conmemoración del Día Internacional de las Personas con Discapacidad.
Se vota en los términos de la enmienda transaccional presentada por todos los Grupos Parlamentarios.","Cuello Pérez, Carmen Rocío",GS,Sí,332,0,1,17,https://www.congreso.es/es/busqueda-de-iniciativas?p_p_id=iniciativas&p_p_lifecycle=0&p_p_state=normal&p_p_mode=view&_iniciativas_mode=mostrarDetalle&_iniciativas_legislatura=XII&_iniciativas_id=162/000199
29/11/2016,Proposiciones no de Ley.,"Proposición no de Ley del Grupo Parlamentario Popular en el Congreso, relativa a la conmemoración del Día Internacional de las Personas con Discapacidad.
Se vota en los términos de la enmienda transaccional presentada por todos los Grupos Parlamentarios.","Franco Carmona, Isabel",GCUP-EC-EM,Sí,332,0,1,17,https://www.congreso.es/es/busqueda-de-iniciativas?p_p_id=iniciativas&p_p_lifecycle=0&p_p_state=normal&p_p_mode=view&_iniciativas_mode=mostrarDetalle&_iniciativas_legislatura=XII&_iniciativas_id=162/000199
29/11/2016,Proposiciones no de Ley.,"Proposición no de Ley del Grupo Parlamentario Popular en el Congreso, relativa a la conmemoración del Día Internacional de las Personas con Discapacidad.
Se vota en los términos de la enmienda transaccional presentada por todos los Grupos Parlamentarios.","López de Uralde Garmendia, Juan Antonio",GCUP-EC-EM,Sí,332,0,1,17,https://www.congreso.es/es/busqueda-de-iniciativas?p_p_id=iniciativas&p_p_lifecycle=0&p_p_state=normal&p_p_mode=view&_iniciativas_mode=mostrarDetalle&_iniciativas_legislatura=XII&_iniciativas_id=162/000199
29/11/2016,Proposiciones no de Ley.,"Proposición no de Ley del Grupo Parlamentario Popular en el Congreso, relativa a la conmemoración del Día Internacional de las Personas con Discapacidad.
Se vota en los términos de la enmienda transaccional presentada por todos los Grupos Parlamentarios.","Sánchez Amor, José Ignacio",GS,Sí,332,0,1,17,https://www.congreso.es/es/busqueda-de-iniciativas?p_p_id=iniciativas&p_p_lifecycle=0&p_p_state=normal&p_p_mode=view&_iniciativas_mode=mostrarDetalle&_iniciativas_legislatura=XII&_iniciativas_id=162/000199
29/11/2016,Proposiciones no de Ley.,"Proposición no de Ley del Grupo Parlamentario Popular en el Congreso, relativa a la conmemoración del Día Internacional de las Personas con Discapacidad.
Se vota en los términos de la enmienda transaccional presentada por todos los Grupos Parlamentarios.","Antón Cacho, Javier",GS,Sí,332,0,1,17,https://www.congreso.es/es/busqueda-de-iniciativas?p_p_id=iniciativas&p_p_lifecycle=0&p_p_state=normal&p_p_mode=view&_iniciativas_mode=mostrarDetalle&_iniciativas_legislatura=XII&_iniciativas_id=162/000199
29/11/2016,Proposiciones no de Ley.,"Proposición no de Ley del Grupo Parlamentario Popular en el Congreso, relativa a la conmemoración del Día Internacional de las Personas con Discapacidad.
Se vota en los términos de la enmienda transaccional presentada por todos los Grupos Parlamentarios.","Ferrer Tesoro, Sonia",GS,Sí,332,0,1,17,https://www.congreso.es/es/busqueda-de-iniciativas?p_p_id=iniciativas&p_p_lifecycle=0&p_p_state=normal&p_p_mode=view&_iniciativas_mode=mostrarDetalle&_iniciativas_legislatura=XII&_iniciativas_id=162/000199
29/11/2016,Proposiciones no de Ley.,"Proposición no de Ley del Grupo Parlamentario Popular en el Congreso, relativa a la conmemoración del Día Internacional de las Personas con Discapacidad.
Se vota en los términos de la enmienda transaccional presentada por todos los Grupos Parlamentarios.","Montoro Romero, Cristóbal Ricardo",GP,Sí,332,0,1,17,https://www.congreso.es/es/busqueda-de-iniciativas?p_p_id=iniciativas&p_p_lifecycle=0&p_p_state=normal&p_p_mode=view&_iniciativas_mode=mostrarDetalle&_iniciativas_legislatura=XII&_iniciativas_id=162/000199
29/11/2016,Proposiciones no de Ley.,"Proposición no de Ley del Grupo Parlamentario Popular en el Congreso, relativa a la conmemoración del Día Internacional de las Personas con Discapacidad.
Se vota en los términos de la enmienda transaccional presentada por todos los Grupos Parlamentarios.","Alós López, Ana Isabel",GP,Sí,332,0,1,17,https://www.congreso.es/es/busqueda-de-iniciativas?p_p_id=iniciativas&p_p_lifecycle=0&p_p_state=normal&p_p_mode=view&_iniciativas_mode=mostrarDetalle&_iniciativas_legislatura=XII&_iniciativas_id=162/000199
29/11/2016,Proposiciones no de Ley.,"Proposición no de Ley del Grupo Parlamentario Popular en el Congreso, relativa a la conmemoración del Día Internacional de las Personas con Discapacidad.
Se vota en los términos de la enmienda transaccional presentada por todos los Grupos Parlamentarios.","Ten Oliver, Vicente",GCs,Sí,332,0,1,17,https://www.congreso.es/es/busqueda-de-iniciativas?p_p_id=iniciativas&p_p_lifecycle=0&p_p_state=normal&p_p_mode=view&_iniciativas_mode=mostrarDetalle&_iniciativas_legislatura=XII&_iniciativas_id=162/000199
29/11/2016,Proposiciones no de Ley.,"Proposición no de Ley del Grupo Parlamentario Popular en el Congreso, relativa a la conmemoración del Día Internacional de las Personas con Discapacidad.
Se vota en los términos de la enmienda transaccional presentada por todos los Grupos Parlamentarios.","Elorza González, Odón",GS,Sí,332,0,1,17,https://www.congreso.es/es/busqueda-de-iniciativas?p_p_id=iniciativas&p_p_lifecycle=0&p_p_state=normal&p_p_mode=view&_iniciativas_mode=mostrarDetalle&_iniciativas_legislatura=XII&_iniciativas_id=162/000199
29/11/2016,Proposiciones no de Ley.,"Proposición no de Ley del Grupo Parlamentario Popular en el Congreso, relativa a la conmemoración del Día Internacional de las Personas con Discapacidad.
Se vota en los términos de la enmienda transaccional presentada por todos los Grupos Parlamentarios.","Barrachina Ros, Miguel",GP,Sí,332,0,1,17,https://www.congreso.es/es/busqueda-de-iniciativas?p_p_id=iniciativas&p_p_lifecycle=0&p_p_state=normal&p_p_mode=view&_iniciativas_mode=mostrarDetalle&_iniciativas_legislatura=XII&_iniciativas_id=162/000199
29/11/2016,Proposiciones no de Ley.,"Proposición no de Ley del Grupo Parlamentario Popular en el Congreso, relativa a la conmemoración del Día Internacional de las Personas con Discapacidad.
Se vota en los términos de la enmienda transaccional presentada por todos los Grupos Parlamentarios.","Sixto Iglesias, Ricardo",GCUP-EC-EM,Sí,332,0,1,17,https://www.congreso.es/es/busqueda-de-iniciativas?p_p_id=iniciativas&p_p_lifecycle=0&p_p_state=normal&p_p_mode=view&_iniciativas_mode=mostrarDetalle&_iniciativas_legislatura=XII&_iniciativas_id=162/000199
29/11/2016,Proposiciones no de Ley.,"Proposición no de Ley del Grupo Parlamentario Popular en el Congreso, relativa a la conmemoración del Día Internacional de las Personas con Discapacidad.
Se vota en los términos de la enmienda transaccional presentada por todos los Grupos Parlamentarios.","Vera Pró, Juan Carlos",GP,Sí,332,0,1,17,https://www.congreso.es/es/busqueda-de-iniciativas?p_p_id=iniciativas&p_p_lifecycle=0&p_p_state=normal&p_p_mode=view&_iniciativas_mode=mostrarDetalle&_iniciativas_legislatura=XII&_iniciativas_id=162/000199
29/11/2016,Proposiciones no de Ley.,"Proposición no de Ley del Grupo Parlamentario Popular en el Congreso, relativa a la conmemoración del Día Internacional de las Personas con Discapacidad.
Se vota en los términos de la enmienda transaccional presentada por todos los Grupos Parlamentarios.","González Muñoz, Ángel Luis",GP,Sí,332,0,1,17,https://www.congreso.es/es/busqueda-de-iniciativas?p_p_id=iniciativas&p_p_lifecycle=0&p_p_state=normal&p_p_mode=view&_iniciativas_mode=mostrarDetalle&_iniciativas_legislatura=XII&_iniciativas_id=162/000199
29/11/2016,Proposiciones no de Ley.,"Proposición no de Ley del Grupo Parlamentario Popular en el Congreso, relativa a la conmemoración del Día Internacional de las Personas con Discapacidad.
Se vota en los términos de la enmienda transaccional presentada por todos los Grupos Parlamentarios.","Maura Barandiarán, Fernando",GCs,Sí,332,0,1,17,https://www.congreso.es/es/busqueda-de-iniciativas?p_p_id=iniciativas&p_p_lifecycle=0&p_p_state=normal&p_p_mode=view&_iniciativas_mode=mostrarDetalle&_iniciativas_legislatura=XII&_iniciativas_id=162/000199
29/11/2016,Proposiciones no de Ley.,"Proposición no de Ley del Grupo Parlamentario Popular en el Congreso, relativa a la conmemoración del Día Internacional de las Personas con Discapacidad.
Se vota en los términos de la enmienda transaccional presentada por todos los Grupos Parlamentarios.","Hoyo Juliá, Belén",GP,Sí,332,0,1,17,https://www.congreso.es/es/busqueda-de-iniciativas?p_p_id=iniciativas&p_p_lifecycle=0&p_p_state=normal&p_p_mode=view&_iniciativas_mode=mostrarDetalle&_iniciativas_legislatura=XII&_iniciativas_id=162/000199
29/11/2016,Proposiciones no de Ley.,"Proposición no de Ley del Grupo Parlamentario Popular en el Congreso, relativa a la conmemoración del Día Internacional de las Personas con Discapacidad.
Se vota en los términos de la enmienda transaccional presentada por todos los Grupos Parlamentarios.","Alli Martínez, Íñigo Jesús",GMx,Sí,332,0,1,17,https://www.congreso.es/es/busqueda-de-iniciativas?p_p_id=iniciativas&p_p_lifecycle=0&p_p_state=normal&p_p_mode=view&_iniciativas_mode=mostrarDetalle&_iniciativas_legislatura=XII&_iniciativas_id=162/000199
29/11/2016,Proposiciones no de Ley.,"Proposición no de Ley del Grupo Parlamentario Popular en el Congreso, relativa a la conmemoración del Día Internacional de las Personas con Discapacidad.
Se vota en los términos de la enmienda transaccional presentada por todos los Grupos Parlamentarios.","Ciuró i Buldó, Lourdes",GMx,Sí,332,0,1,17,https://www.congreso.es/es/busqueda-de-iniciativas?p_p_id=iniciativas&p_p_lifecycle=0&p_p_state=normal&p_p_mode=view&_iniciativas_mode=mostrarDetalle&_iniciativas_legislatura=XII&_iniciativas_id=162/000199
29/11/2016,Proposiciones no de Ley.,"Proposición no de Ley del Grupo Parlamentario Popular en el Congreso, relativa a la conmemoración del Día Internacional de las Personas con Discapacidad.
Se vota en los términos de la enmienda transaccional presentada por todos los Grupos Parlamentarios.","Tarno Blanco, Ricardo",GP,Sí,332,0,1,17,https://www.congreso.es/es/busqueda-de-iniciativas?p_p_id=iniciativas&p_p_lifecycle=0&p_p_state=normal&p_p_mode=view&_iniciativas_mode=mostrarDetalle&_iniciativas_legislatura=XII&_iniciativas_id=162/000199
29/11/2016,Proposiciones no de Ley.,"Proposición no de Ley del Grupo Parlamentario Popular en el Congreso, relativa a la conmemoración del Día Internacional de las Personas con Discapacidad.
Se vota en los términos de la enmienda transaccional presentada por todos los Grupos Parlamentarios.","Moreno Bustos, Ramón",GP,Sí,332,0,1,17,https://www.congreso.es/es/busqueda-de-iniciativas?p_p_id=iniciativas&p_p_lifecycle=0&p_p_state=normal&p_p_mode=view&_iniciativas_mode=mostrarDetalle&_iniciativas_legislatura=XII&_iniciativas_id=162/000199
29/11/2016,Proposiciones no de Ley.,"Proposición no de Ley del Grupo Parlamentario Popular en el Congreso, relativa a la conmemoración del Día Internacional de las Personas con Discapacidad.
Se vota en los términos de la enmienda transaccional presentada por todos los Grupos Parlamentarios.","Zoido Álvarez, Juan Ignacio",GP,Sí,332,0,1,17,https://www.congreso.es/es/busqueda-de-iniciativas?p_p_id=iniciativas&p_p_lifecycle=0&p_p_state=normal&p_p_mode=view&_iniciativas_mode=mostrarDetalle&_iniciativas_legislatura=XII&_iniciativas_id=162/000199
29/11/2016,Proposiciones no de Ley.,"Proposición no de Ley del Grupo Parlamentario Popular en el Congreso, relativa a la conmemoración del Día Internacional de las Personas con Discapacidad.
Se vota en los términos de la enmienda transaccional presentada por todos los Grupos Parlamentarios.","Trevín Lombán, Antonio Ramón María",GS,Sí,332,0,1,17,https://www.congreso.es/es/busqueda-de-iniciativas?p_p_id=iniciativas&p_p_lifecycle=0&p_p_state=normal&p_p_mode=view&_iniciativas_mode=mostrarDetalle&_iniciativas_legislatura=XII&_iniciativas_id=162/000199
29/11/2016,Proposiciones no de Ley.,"Proposición no de Ley del Grupo Parlamentario Popular en el Congreso, relativa a la conmemoración del Día Internacional de las Personas con Discapacidad.
Se vota en los términos de la enmienda transaccional presentada por todos los Grupos Parlamentarios.","Nogueras i Camero, Míriam",GMx,Sí,332,0,1,17,https://www.congreso.es/es/busqueda-de-iniciativas?p_p_id=iniciativas&p_p_lifecycle=0&p_p_state=normal&p_p_mode=view&_iniciativas_mode=mostrarDetalle&_iniciativas_legislatura=XII&_iniciativas_id=162/000199
29/11/2016,Proposiciones no de Ley.,"Proposición no de Ley del Grupo Parlamentario Popular en el Congreso, relativa a la conmemoración del Día Internacional de las Personas con Discapacidad.
Se vota en los términos de la enmienda transaccional presentada por todos los Grupos Parlamentarios.","Madrazo Díaz, Ana María",GP,Sí,332,0,1,17,https://www.congreso.es/es/busqueda-de-iniciativas?p_p_id=iniciativas&p_p_lifecycle=0&p_p_state=normal&p_p_mode=view&_iniciativas_mode=mostrarDetalle&_iniciativas_legislatura=XII&_iniciativas_id=162/000199
29/11/2016,Proposiciones no de Ley.,"Proposición no de Ley del Grupo Parlamentario Popular en el Congreso, relativa a la conmemoración del Día Internacional de las Personas con Discapacidad.
Se vota en los términos de la enmienda transaccional presentada por todos los Grupos Parlamentarios.","Bosaho Gori, Rita Gertrudis",GCUP-EC-EM,Sí,332,0,1,17,https://www.congreso.es/es/busqueda-de-iniciativas?p_p_id=iniciativas&p_p_lifecycle=0&p_p_state=normal&p_p_mode=view&_iniciativas_mode=mostrarDetalle&_iniciativas_legislatura=XII&_iniciativas_id=162/000199
29/11/2016,Proposiciones no de Ley.,"Proposición no de Ley del Grupo Parlamentario Popular en el Congreso, relativa a la conmemoración del Día Internacional de las Personas con Discapacidad.
Se vota en los términos de la enmienda transaccional presentada por todos los Grupos Parlamentarios.","Pastor Muñoz, Rosana",GCUP-EC-EM,Sí,332,0,1,17,https://www.congreso.es/es/busqueda-de-iniciativas?p_p_id=iniciativas&p_p_lifecycle=0&p_p_state=normal&p_p_mode=view&_iniciativas_mode=mostrarDetalle&_iniciativas_legislatura=XII&_iniciativas_id=162/000199
29/11/2016,Proposiciones no de Ley.,"Proposición no de Ley del Grupo Parlamentario Popular en el Congreso, relativa a la conmemoración del Día Internacional de las Personas con Discapacidad.
Se vota en los términos de la enmienda transaccional presentada por todos los Grupos Parlamentarios.","Sorlí Fresquet, Marta",GMx,Sí,332,0,1,17,https://www.congreso.es/es/busqueda-de-iniciativas?p_p_id=iniciativas&p_p_lifecycle=0&p_p_state=normal&p_p_mode=view&_iniciativas_mode=mostrarDetalle&_iniciativas_legislatura=XII&_iniciativas_id=162/000199
29/11/2016,Proposiciones no de Ley.,"Proposición no de Ley del Grupo Parlamentario Popular en el Congreso, relativa a la conmemoración del Día Internacional de las Personas con Discapacidad.
Se vota en los términos de la enmienda transaccional presentada por todos los Grupos Parlamentarios.","Baldoví Roda, Joan",GMx,Sí,332,0,1,17,https://www.congreso.es/es/busqueda-de-iniciativas?p_p_id=iniciativas&p_p_lifecycle=0&p_p_state=normal&p_p_mode=view&_iniciativas_mode=mostrarDetalle&_iniciativas_legislatura=XII&_iniciativas_id=162/000199
29/11/2016,Proposiciones no de Ley.,"Proposición no de Ley del Grupo Parlamentario Popular en el Congreso, relativa a la conmemoración del Día Internacional de las Personas con Discapacidad.
Se vota en los términos de la enmienda transaccional presentada por todos los Grupos Parlamentarios.","Candela Serna, Ignasi",GMx,Sí,332,0,1,17,https://www.congreso.es/es/busqueda-de-iniciativas?p_p_id=iniciativas&p_p_lifecycle=0&p_p_state=normal&p_p_mode=view&_iniciativas_mode=mostrarDetalle&_iniciativas_legislatura=XII&_iniciativas_id=162/000199
29/11/2016,Proposiciones no de Ley.,"Proposición no de Ley del Grupo Parlamentario Popular en el Congreso, relativa a la conmemoración del Día Internacional de las Personas con Discapacidad.
Se vota en los términos de la enmienda transaccional presentada por todos los Grupos Parlamentarios.","Bataller i Ruiz, Enric",GMx,Sí,332,0,1,17,https://www.congreso.es/es/busqueda-de-iniciativas?p_p_id=iniciativas&p_p_lifecycle=0&p_p_state=normal&p_p_mode=view&_iniciativas_mode=mostrarDetalle&_iniciativas_legislatura=XII&_iniciativas_id=162/000199
29/11/2016,Proposiciones no de Ley.,"Proposición no de Ley del Grupo Parlamentario Popular en el Congreso, relativa a la conmemoración del Día Internacional de las Personas con Discapacidad.
Se vota en los términos de la enmienda transaccional presentada por todos los Grupos Parlamentarios.","Vila Gómez, Miguel",GCUP-EC-EM,Sí,332,0,1,17,https://www.congreso.es/es/busqueda-de-iniciativas?p_p_id=iniciativas&p_p_lifecycle=0&p_p_state=normal&p_p_mode=view&_iniciativas_mode=mostrarDetalle&_iniciativas_legislatura=XII&_iniciativas_id=162/000199
29/11/2016,Proposiciones no de Ley.,"Proposición no de Ley del Grupo Parlamentario Popular en el Congreso, relativa a la conmemoración del Día Internacional de las Personas con Discapacidad.
Se vota en los términos de la enmienda transaccional presentada por todos los Grupos Parlamentarios.","Dueñas Martínez, María del Carmen",GP,Sí,332,0,1,17,https://www.congreso.es/es/busqueda-de-iniciativas?p_p_id=iniciativas&p_p_lifecycle=0&p_p_state=normal&p_p_mode=view&_iniciativas_mode=mostrarDetalle&_iniciativas_legislatura=XII&_iniciativas_id=162/000199
29/11/2016,Proposiciones no de Ley.,"Proposición no de Ley del Grupo Parlamentario Popular en el Congreso, relativa a la conmemoración del Día Internacional de las Personas con Discapacidad.
Se vota en los términos de la enmienda transaccional presentada por todos los Grupos Parlamentarios.","Palmer Tous, Teresa",GP,Sí,332,0,1,17,https://www.congreso.es/es/busqueda-de-iniciativas?p_p_id=iniciativas&p_p_lifecycle=0&p_p_state=normal&p_p_mode=view&_iniciativas_mode=mostrarDetalle&_iniciativas_legislatura=XII&_iniciativas_id=162/000199
29/11/2016,Proposiciones no de Ley.,"Proposición no de Ley del Grupo Parlamentario Popular en el Congreso, relativa a la conmemoración del Día Internacional de las Personas con Discapacidad.
Se vota en los términos de la enmienda transaccional presentada por todos los Grupos Parlamentarios.","Reynés Calvache, Águeda",GP,Sí,332,0,1,17,https://www.congreso.es/es/busqueda-de-iniciativas?p_p_id=iniciativas&p_p_lifecycle=0&p_p_state=normal&p_p_mode=view&_iniciativas_mode=mostrarDetalle&_iniciativas_legislatura=XII&_iniciativas_id=162/000199
29/11/2016,Proposiciones no de Ley.,"Proposición no de Ley del Grupo Parlamentario Popular en el Congreso, relativa a la conmemoración del Día Internacional de las Personas con Discapacidad.
Se vota en los términos de la enmienda transaccional presentada por todos los Grupos Parlamentarios.","Barandiaran Benito, Íñigo",GV (EAJ-PNV),Sí,332,0,1,17,https://www.congreso.es/es/busqueda-de-iniciativas?p_p_id=iniciativas&p_p_lifecycle=0&p_p_state=normal&p_p_mode=view&_iniciativas_mode=mostrarDetalle&_iniciativas_legislatura=XII&_iniciativas_id=162/000199
29/11/2016,Proposiciones no de Ley.,"Proposición no de Ley del Grupo Parlamentario Popular en el Congreso, relativa a la conmemoración del Día Internacional de las Personas con Discapacidad.
Se vota en los términos de la enmienda transaccional presentada por todos los Grupos Parlamentarios.","Legarda Uriarte, Mikel",GV (EAJ-PNV),Sí,332,0,1,17,https://www.congreso.es/es/busqueda-de-iniciativas?p_p_id=iniciativas&p_p_lifecycle=0&p_p_state=normal&p_p_mode=view&_iniciativas_mode=mostrarDetalle&_iniciativas_legislatura=XII&_iniciativas_id=162/000199
29/11/2016,Proposiciones no de Ley.,"Proposición no de Ley del Grupo Parlamentario Popular en el Congreso, relativa a la conmemoración del Día Internacional de las Personas con Discapacidad.
Se vota en los términos de la enmienda transaccional presentada por todos los Grupos Parlamentarios.","Agirretxea Urresti, Joseba Andoni",GV (EAJ-PNV),Sí,332,0,1,17,https://www.congreso.es/es/busqueda-de-iniciativas?p_p_id=iniciativas&p_p_lifecycle=0&p_p_state=normal&p_p_mode=view&_iniciativas_mode=mostrarDetalle&_iniciativas_legislatura=XII&_iniciativas_id=162/000199
29/11/2016,Proposiciones no de Ley.,"Proposición no de Ley del Grupo Parlamentario Popular en el Congreso, relativa a la conmemoración del Día Internacional de las Personas con Discapacidad.
Se vota en los términos de la enmienda transaccional presentada por todos los Grupos Parlamentarios.","López Ares, Susana",GP,Sí,332,0,1,17,https://www.congreso.es/es/busqueda-de-iniciativas?p_p_id=iniciativas&p_p_lifecycle=0&p_p_state=normal&p_p_mode=view&_iniciativas_mode=mostrarDetalle&_iniciativas_legislatura=XII&_iniciativas_id=162/000199
29/11/2016,Proposiciones no de Ley.,"Proposición no de Ley del Grupo Parlamentario Popular en el Congreso, relativa a la conmemoración del Día Internacional de las Personas con Discapacidad.
Se vota en los términos de la enmienda transaccional presentada por todos los Grupos Parlamentarios.","Esteban Bravo, Aitor",GV (EAJ-PNV),Sí,332,0,1,17,https://www.congreso.es/es/busqueda-de-iniciativas?p_p_id=iniciativas&p_p_lifecycle=0&p_p_state=normal&p_p_mode=view&_iniciativas_mode=mostrarDetalle&_iniciativas_legislatura=XII&_iniciativas_id=162/000199
29/11/2016,Proposiciones no de Ley.,"Proposición no de Ley del Grupo Parlamentario Popular en el Congreso, relativa a la conmemoración del Día Internacional de las Personas con Discapacidad.
Se vota en los términos de la enmienda transaccional presentada por todos los Grupos Parlamentarios.","Botejara Sanz, Amparo",GCUP-EC-EM,Sí,332,0,1,17,https://www.congreso.es/es/busqueda-de-iniciativas?p_p_id=iniciativas&p_p_lifecycle=0&p_p_state=normal&p_p_mode=view&_iniciativas_mode=mostrarDetalle&_iniciativas_legislatura=XII&_iniciativas_id=162/000199
29/11/2016,Proposiciones no de Ley.,"Proposición no de Ley del Grupo Parlamentario Popular en el Congreso, relativa a la conmemoración del Día Internacional de las Personas con Discapacidad.
Se vota en los términos de la enmienda transaccional presentada por todos los Grupos Parlamentarios.","Botella Gómez, Ana María",GS,Sí,332,0,1,17,https://www.congreso.es/es/busqueda-de-iniciativas?p_p_id=iniciativas&p_p_lifecycle=0&p_p_state=normal&p_p_mode=view&_iniciativas_mode=mostrarDetalle&_iniciativas_legislatura=XII&_iniciativas_id=162/000199
29/11/2016,Proposiciones no de Ley.,"Proposición no de Ley del Grupo Parlamentario Popular en el Congreso, relativa a la conmemoración del Día Internacional de las Personas con Discapacidad.
Se vota en los términos de la enmienda transaccional presentada por todos los Grupos Parlamentarios.","González Ramos, Manuel Gabriel",GS,Sí,332,0,1,17,https://www.congreso.es/es/busqueda-de-iniciativas?p_p_id=iniciativas&p_p_lifecycle=0&p_p_state=normal&p_p_mode=view&_iniciativas_mode=mostrarDetalle&_iniciativas_legislatura=XII&_iniciativas_id=162/000199
29/11/2016,Proposiciones no de Ley.,"Proposición no de Ley del Grupo Parlamentario Popular en el Congreso, relativa a la conmemoración del Día Internacional de las Personas con Discapacidad.
Se vota en los términos de la enmienda transaccional presentada por todos los Grupos Parlamentarios.","Garzón Espinosa, Alberto",GCUP-EC-EM,Sí,332,0,1,17,https://www.congreso.es/es/busqueda-de-iniciativas?p_p_id=iniciativas&p_p_lifecycle=0&p_p_state=normal&p_p_mode=view&_iniciativas_mode=mostrarDetalle&_iniciativas_legislatura=XII&_iniciativas_id=162/000199
29/11/2016,Proposiciones no de Ley.,"Proposición no de Ley del Grupo Parlamentario Popular en el Congreso, relativa a la conmemoración del Día Internacional de las Personas con Discapacidad.
Se vota en los términos de la enmienda transaccional presentada por todos los Grupos Parlamentarios.","García Sempere, Eva",GCUP-EC-EM,Sí,332,0,1,17,https://www.congreso.es/es/busqueda-de-iniciativas?p_p_id=iniciativas&p_p_lifecycle=0&p_p_state=normal&p_p_mode=view&_iniciativas_mode=mostrarDetalle&_iniciativas_legislatura=XII&_iniciativas_id=162/000199
29/11/2016,Proposiciones no de Ley.,"Proposición no de Ley del Grupo Parlamentario Popular en el Congreso, relativa a la conmemoración del Día Internacional de las Personas con Discapacidad.
Se vota en los términos de la enmienda transaccional presentada por todos los Grupos Parlamentarios.","Salud Areste, María Isabel",GCUP-EC-EM,Sí,332,0,1,17,https://www.congreso.es/es/busqueda-de-iniciativas?p_p_id=iniciativas&p_p_lifecycle=0&p_p_state=normal&p_p_mode=view&_iniciativas_mode=mostrarDetalle&_iniciativas_legislatura=XII&_iniciativas_id=162/000199
29/11/2016,Proposiciones no de Ley.,"Proposición no de Ley del Grupo Parlamentario Popular en el Congreso, relativa a la conmemoración del Día Internacional de las Personas con Discapacidad.
Se vota en los términos de la enmienda transaccional presentada por todos los Grupos Parlamentarios.","Fernández Díaz, Jesús María",GS,Sí,332,0,1,17,https://www.congreso.es/es/busqueda-de-iniciativas?p_p_id=iniciativas&p_p_lifecycle=0&p_p_state=normal&p_p_mode=view&_iniciativas_mode=mostrarDetalle&_iniciativas_legislatura=XII&_iniciativas_id=162/000199
29/11/2016,Proposiciones no de Ley.,"Proposición no de Ley del Grupo Parlamentario Popular en el Congreso, relativa a la conmemoración del Día Internacional de las Personas con Discapacidad.
Se vota en los términos de la enmienda transaccional presentada por todos los Grupos Parlamentarios.","Rivera Andrés, Irene",GCs,Sí,332,0,1,17,https://www.congreso.es/es/busqueda-de-iniciativas?p_p_id=iniciativas&p_p_lifecycle=0&p_p_state=normal&p_p_mode=view&_iniciativas_mode=mostrarDetalle&_iniciativas_legislatura=XII&_iniciativas_id=162/000199
29/11/2016,Proposiciones no de Ley.,"Proposición no de Ley del Grupo Parlamentario Popular en el Congreso, relativa a la conmemoración del Día Internacional de las Personas con Discapacidad.
Se vota en los términos de la enmienda transaccional presentada por todos los Grupos Parlamentarios.","Rodríguez García, Isabel",GS,Sí,332,0,1,17,https://www.congreso.es/es/busqueda-de-iniciativas?p_p_id=iniciativas&p_p_lifecycle=0&p_p_state=normal&p_p_mode=view&_iniciativas_mode=mostrarDetalle&_iniciativas_legislatura=XII&_iniciativas_id=162/000199
29/11/2016,Proposiciones no de Ley.,"Proposición no de Ley del Grupo Parlamentario Popular en el Congreso, relativa a la conmemoración del Día Internacional de las Personas con Discapacidad.
Se vota en los términos de la enmienda transaccional presentada por todos los Grupos Parlamentarios.","Alonso Cantorné, Félix",GCUP-EC-EM,Sí,332,0,1,17,https://www.congreso.es/es/busqueda-de-iniciativas?p_p_id=iniciativas&p_p_lifecycle=0&p_p_state=normal&p_p_mode=view&_iniciativas_mode=mostrarDetalle&_iniciativas_legislatura=XII&_iniciativas_id=162/000199
29/11/2016,Proposiciones no de Ley.,"Proposición no de Ley del Grupo Parlamentario Popular en el Congreso, relativa a la conmemoración del Día Internacional de las Personas con Discapacidad.
Se vota en los términos de la enmienda transaccional presentada por todos los Grupos Parlamentarios.","Díaz Pérez, Yolanda",GCUP-EC-EM,Sí,332,0,1,17,https://www.congreso.es/es/busqueda-de-iniciativas?p_p_id=iniciativas&p_p_lifecycle=0&p_p_state=normal&p_p_mode=view&_iniciativas_mode=mostrarDetalle&_iniciativas_legislatura=XII&_iniciativas_id=162/000199
29/11/2016,Proposiciones no de Ley.,"Proposición no de Ley del Grupo Parlamentario Popular en el Congreso, relativa a la conmemoración del Día Internacional de las Personas con Discapacidad.
Se vota en los términos de la enmienda transaccional presentada por todos los Grupos Parlamentarios.","Farré Fidalgo, Sònia",GCUP-EC-EM,Sí,332,0,1,17,https://www.congreso.es/es/busqueda-de-iniciativas?p_p_id=iniciativas&p_p_lifecycle=0&p_p_state=normal&p_p_mode=view&_iniciativas_mode=mostrarDetalle&_iniciativas_legislatura=XII&_iniciativas_id=162/000199
29/11/2016,Proposiciones no de Ley.,"Proposición no de Ley del Grupo Parlamentario Popular en el Congreso, relativa a la conmemoración del Día Internacional de las Personas con Discapacidad.
Se vota en los términos de la enmienda transaccional presentada por todos los Grupos Parlamentarios.","Vendrell Gardeñes, Josep",GCUP-EC-EM,Sí,332,0,1,17,https://www.congreso.es/es/busqueda-de-iniciativas?p_p_id=iniciativas&p_p_lifecycle=0&p_p_state=normal&p_p_mode=view&_iniciativas_mode=mostrarDetalle&_iniciativas_legislatura=XII&_iniciativas_id=162/000199
29/11/2016,Proposiciones no de Ley.,"Proposición no de Ley del Grupo Parlamentario Popular en el Congreso, relativa a la conmemoración del Día Internacional de las Personas con Discapacidad.
Se vota en los términos de la enmienda transaccional presentada por todos los Grupos Parlamentarios.","Batet Lamaña, Meritxell",GS,Sí,332,0,1,17,https://www.congreso.es/es/busqueda-de-iniciativas?p_p_id=iniciativas&p_p_lifecycle=0&p_p_state=normal&p_p_mode=view&_iniciativas_mode=mostrarDetalle&_iniciativas_legislatura=XII&_iniciativas_id=162/000199
29/11/2016,Proposiciones no de Ley.,"Proposición no de Ley del Grupo Parlamentario Popular en el Congreso, relativa a la conmemoración del Día Internacional de las Personas con Discapacidad.
Se vota en los términos de la enmienda transaccional presentada por todos los Grupos Parlamentarios.","Perea i Conillas, María Mercè",GS,Sí,332,0,1,17,https://www.congreso.es/es/busqueda-de-iniciativas?p_p_id=iniciativas&p_p_lifecycle=0&p_p_state=normal&p_p_mode=view&_iniciativas_mode=mostrarDetalle&_iniciativas_legislatura=XII&_iniciativas_id=162/000199
29/11/2016,Proposiciones no de Ley.,"Proposición no de Ley del Grupo Parlamentario Popular en el Congreso, relativa a la conmemoración del Día Internacional de las Personas con Discapacidad.
Se vota en los términos de la enmienda transaccional presentada por todos los Grupos Parlamentarios.","Mena Arca, Joan",GCUP-EC-EM,Sí,332,0,1,17,https://www.congreso.es/es/busqueda-de-iniciativas?p_p_id=iniciativas&p_p_lifecycle=0&p_p_state=normal&p_p_mode=view&_iniciativas_mode=mostrarDetalle&_iniciativas_legislatura=XII&_iniciativas_id=162/000199
29/11/2016,Proposiciones no de Ley.,"Proposición no de Ley del Grupo Parlamentario Popular en el Congreso, relativa a la conmemoración del Día Internacional de las Personas con Discapacidad.
Se vota en los términos de la enmienda transaccional presentada por todos los Grupos Parlamentarios.","Chiquillo Barber, José María",GP,Sí,332,0,1,17,https://www.congreso.es/es/busqueda-de-iniciativas?p_p_id=iniciativas&p_p_lifecycle=0&p_p_state=normal&p_p_mode=view&_iniciativas_mode=mostrarDetalle&_iniciativas_legislatura=XII&_iniciativas_id=162/000199
29/11/2016,Proposiciones no de Ley.,"Proposición no de Ley del Grupo Parlamentario Popular en el Congreso, relativa a la conmemoración del Día Internacional de las Personas con Discapacidad.
Se vota en los términos de la enmienda transaccional presentada por todos los Grupos Parlamentarios.","Albaladejo Martínez, Joaquín",GP,Sí,332,0,1,17,https://www.congreso.es/es/busqueda-de-iniciativas?p_p_id=iniciativas&p_p_lifecycle=0&p_p_state=normal&p_p_mode=view&_iniciativas_mode=mostrarDetalle&_iniciativas_legislatura=XII&_iniciativas_id=162/000199
29/11/2016,Proposiciones no de Ley.,"Proposición no de Ley del Grupo Parlamentario Popular en el Congreso, relativa a la conmemoración del Día Internacional de las Personas con Discapacidad.
Se vota en los términos de la enmienda transaccional presentada por todos los Grupos Parlamentarios.","Vidal Sáez, Aina",GCUP-EC-EM,Sí,332,0,1,17,https://www.congreso.es/es/busqueda-de-iniciativas?p_p_id=iniciativas&p_p_lifecycle=0&p_p_state=normal&p_p_mode=view&_iniciativas_mode=mostrarDetalle&_iniciativas_legislatura=XII&_iniciativas_id=162/000199
29/11/2016,Proposiciones no de Ley.,"Proposición no de Ley del Grupo Parlamentario Popular en el Congreso, relativa a la conmemoración del Día Internacional de las Personas con Discapacidad.
Se vota en los términos de la enmienda transaccional presentada por todos los Grupos Parlamentarios.","Mayoral Perales, Rafael",GCUP-EC-EM,Sí,332,0,1,17,https://www.congreso.es/es/busqueda-de-iniciativas?p_p_id=iniciativas&p_p_lifecycle=0&p_p_state=normal&p_p_mode=view&_iniciativas_mode=mostrarDetalle&_iniciativas_legislatura=XII&_iniciativas_id=162/000199
29/11/2016,Proposiciones no de Ley.,"Proposición no de Ley del Grupo Parlamentario Popular en el Congreso, relativa a la conmemoración del Día Internacional de las Personas con Discapacidad.
Se vota en los términos de la enmienda transaccional presentada por todos los Grupos Parlamentarios.","Bescansa Hernández, Carolina",GCUP-EC-EM,Sí,332,0,1,17,https://www.congreso.es/es/busqueda-de-iniciativas?p_p_id=iniciativas&p_p_lifecycle=0&p_p_state=normal&p_p_mode=view&_iniciativas_mode=mostrarDetalle&_iniciativas_legislatura=XII&_iniciativas_id=162/000199
29/11/2016,Proposiciones no de Ley.,"Proposición no de Ley del Grupo Parlamentario Popular en el Congreso, relativa a la conmemoración del Día Internacional de las Personas con Discapacidad.
Se vota en los términos de la enmienda transaccional presentada por todos los Grupos Parlamentarios.","Hernando Vera, Antonio",GS,Sí,332,0,1,17,https://www.congreso.es/es/busqueda-de-iniciativas?p_p_id=iniciativas&p_p_lifecycle=0&p_p_state=normal&p_p_mode=view&_iniciativas_mode=mostrarDetalle&_iniciativas_legislatura=XII&_iniciativas_id=162/000199
29/11/2016,Proposiciones no de Ley.,"Proposición no de Ley del Grupo Parlamentario Popular en el Congreso, relativa a la conmemoración del Día Internacional de las Personas con Discapacidad.
Se vota en los términos de la enmienda transaccional presentada por todos los Grupos Parlamentarios.","Lamuà Estañol, Marc",GS,Sí,332,0,1,17,https://www.congreso.es/es/busqueda-de-iniciativas?p_p_id=iniciativas&p_p_lifecycle=0&p_p_state=normal&p_p_mode=view&_iniciativas_mode=mostrarDetalle&_iniciativas_legislatura=XII&_iniciativas_id=162/000199
29/11/2016,Proposiciones no de Ley.,"Proposición no de Ley del Grupo Parlamentario Popular en el Congreso, relativa a la conmemoración del Día Internacional de las Personas con Discapacidad.
Se vota en los términos de la enmienda transaccional presentada por todos los Grupos Parlamentarios.","Ruiz i Carbonell, Joan",GS,Sí,332,0,1,17,https://www.congreso.es/es/busqueda-de-iniciativas?p_p_id=iniciativas&p_p_lifecycle=0&p_p_state=normal&p_p_mode=view&_iniciativas_mode=mostrarDetalle&_iniciativas_legislatura=XII&_iniciativas_id=162/000199
29/11/2016,Proposiciones no de Ley.,"Proposición no de Ley del Grupo Parlamentario Popular en el Congreso, relativa a la conmemoración del Día Internacional de las Personas con Discapacidad.
Se vota en los términos de la enmienda transaccional presentada por todos los Grupos Parlamentarios.","Cruz Rodríguez, Manuel",GS,Sí,332,0,1,17,https://www.congreso.es/es/busqueda-de-iniciativas?p_p_id=iniciativas&p_p_lifecycle=0&p_p_state=normal&p_p_mode=view&_iniciativas_mode=mostrarDetalle&_iniciativas_legislatura=XII&_iniciativas_id=162/000199
29/11/2016,Proposiciones no de Ley.,"Proposición no de Ley del Grupo Parlamentario Popular en el Congreso, relativa a la conmemoración del Día Internacional de las Personas con Discapacidad.
Se vota en los términos de la enmienda transaccional presentada por todos los Grupos Parlamentarios.","Zaragoza Alonso, José",GS,Sí,332,0,1,17,https://www.congreso.es/es/busqueda-de-iniciativas?p_p_id=iniciativas&p_p_lifecycle=0&p_p_state=normal&p_p_mode=view&_iniciativas_mode=mostrarDetalle&_iniciativas_legislatura=XII&_iniciativas_id=162/000199
29/11/2016,Proposiciones no de Ley.,"Proposición no de Ley del Grupo Parlamentario Popular en el Congreso, relativa a la conmemoración del Día Internacional de las Personas con Discapacidad.
Se vota en los términos de la enmienda transaccional presentada por todos los Grupos Parlamentarios.","Guinart Moreno, Lídia",GS,Sí,332,0,1,17,https://www.congreso.es/es/busqueda-de-iniciativas?p_p_id=iniciativas&p_p_lifecycle=0&p_p_state=normal&p_p_mode=view&_iniciativas_mode=mostrarDetalle&_iniciativas_legislatura=XII&_iniciativas_id=162/000199
29/11/2016,Proposiciones no de Ley.,"Proposición no de Ley del Grupo Parlamentario Popular en el Congreso, relativa a la conmemoración del Día Internacional de las Personas con Discapacidad.
Se vota en los términos de la enmienda transaccional presentada por todos los Grupos Parlamentarios.","García Puig, María del Mar",GCUP-EC-EM,Sí,332,0,1,17,https://www.congreso.es/es/busqueda-de-iniciativas?p_p_id=iniciativas&p_p_lifecycle=0&p_p_state=normal&p_p_mode=view&_iniciativas_mode=mostrarDetalle&_iniciativas_legislatura=XII&_iniciativas_id=162/000199
29/11/2016,Proposiciones no de Ley.,"Proposición no de Ley del Grupo Parlamentario Popular en el Congreso, relativa a la conmemoración del Día Internacional de las Personas con Discapacidad.
Se vota en los términos de la enmienda transaccional presentada por todos los Grupos Parlamentarios.","Viejo Viñas, Raimundo",GCUP-EC-EM,Sí,332,0,1,17,https://www.congreso.es/es/busqueda-de-iniciativas?p_p_id=iniciativas&p_p_lifecycle=0&p_p_state=normal&p_p_mode=view&_iniciativas_mode=mostrarDetalle&_iniciativas_legislatura=XII&_iniciativas_id=162/000199
29/11/2016,Proposiciones no de Ley.,"Proposición no de Ley del Grupo Parlamentario Popular en el Congreso, relativa a la conmemoración del Día Internacional de las Personas con Discapacidad.
Se vota en los términos de la enmienda transaccional presentada por todos los Grupos Parlamentarios.","Moya Matas, Jaume",GCUP-EC-EM,Sí,332,0,1,17,https://www.congreso.es/es/busqueda-de-iniciativas?p_p_id=iniciativas&p_p_lifecycle=0&p_p_state=normal&p_p_mode=view&_iniciativas_mode=mostrarDetalle&_iniciativas_legislatura=XII&_iniciativas_id=162/000199
29/11/2016,Proposiciones no de Ley.,"Proposición no de Ley del Grupo Parlamentario Popular en el Congreso, relativa a la conmemoración del Día Internacional de las Personas con Discapacidad.
Se vota en los términos de la enmienda transaccional presentada por todos los Grupos Parlamentarios.","Domènech Sampere, Francesc Xavier",GCUP-EC-EM,Sí,332,0,1,17,https://www.congreso.es/es/busqueda-de-iniciativas?p_p_id=iniciativas&p_p_lifecycle=0&p_p_state=normal&p_p_mode=view&_iniciativas_mode=mostrarDetalle&_iniciativas_legislatura=XII&_iniciativas_id=162/000199
29/11/2016,Proposiciones no de Ley.,"Proposición no de Ley del Grupo Parlamentario Popular en el Congreso, relativa a la conmemoración del Día Internacional de las Personas con Discapacidad.
Se vota en los términos de la enmienda transaccional presentada por todos los Grupos Parlamentarios.","Sibina Camps, Marta",GCUP-EC-EM,Sí,332,0,1,17,https://www.congreso.es/es/busqueda-de-iniciativas?p_p_id=iniciativas&p_p_lifecycle=0&p_p_state=normal&p_p_mode=view&_iniciativas_mode=mostrarDetalle&_iniciativas_legislatura=XII&_iniciativas_id=162/000199
29/11/2016,Proposiciones no de Ley.,"Proposición no de Ley del Grupo Parlamentario Popular en el Congreso, relativa a la conmemoración del Día Internacional de las Personas con Discapacidad.
Se vota en los términos de la enmienda transaccional presentada por todos los Grupos Parlamentarios.","Martín González, Lucía",GCUP-EC-EM,Sí,332,0,1,17,https://www.congreso.es/es/busqueda-de-iniciativas?p_p_id=iniciativas&p_p_lifecycle=0&p_p_state=normal&p_p_mode=view&_iniciativas_mode=mostrarDetalle&_iniciativas_legislatura=XII&_iniciativas_id=162/000199
29/11/2016,Proposiciones no de Ley.,"Proposición no de Ley del Grupo Parlamentario Popular en el Congreso, relativa a la conmemoración del Día Internacional de las Personas con Discapacidad.
Se vota en los términos de la enmienda transaccional presentada por todos los Grupos Parlamentarios.","Cancela Rodríguez, Pilar",GS,Sí,332,0,1,17,https://www.congreso.es/es/busqueda-de-iniciativas?p_p_id=iniciativas&p_p_lifecycle=0&p_p_state=normal&p_p_mode=view&_iniciativas_mode=mostrarDetalle&_iniciativas_legislatura=XII&_iniciativas_id=162/000199
29/11/2016,Proposiciones no de Ley.,"Proposición no de Ley del Grupo Parlamentario Popular en el Congreso, relativa a la conmemoración del Día Internacional de las Personas con Discapacidad.
Se vota en los términos de la enmienda transaccional presentada por todos los Grupos Parlamentarios.","Sánchez Melero, Tania",GCUP-EC-EM,Sí,332,0,1,17,https://www.congreso.es/es/busqueda-de-iniciativas?p_p_id=iniciativas&p_p_lifecycle=0&p_p_state=normal&p_p_mode=view&_iniciativas_mode=mostrarDetalle&_iniciativas_legislatura=XII&_iniciativas_id=162/000199
29/11/2016,Proposiciones no de Ley.,"Proposición no de Ley del Grupo Parlamentario Popular en el Congreso, relativa a la conmemoración del Día Internacional de las Personas con Discapacidad.
Se vota en los términos de la enmienda transaccional presentada por todos los Grupos Parlamentarios.","Díaz Trillo, José Juan",GS,Sí,332,0,1,17,https://www.congreso.es/es/busqueda-de-iniciativas?p_p_id=iniciativas&p_p_lifecycle=0&p_p_state=normal&p_p_mode=view&_iniciativas_mode=mostrarDetalle&_iniciativas_legislatura=XII&_iniciativas_id=162/000199
29/11/2016,Proposiciones no de Ley.,"Proposición no de Ley del Grupo Parlamentario Popular en el Congreso, relativa a la conmemoración del Día Internacional de las Personas con Discapacidad.
Se vota en los términos de la enmienda transaccional presentada por todos los Grupos Parlamentarios.","Fernández Castañón, Sofía",GCUP-EC-EM,Sí,332,0,1,17,https://www.congreso.es/es/busqueda-de-iniciativas?p_p_id=iniciativas&p_p_lifecycle=0&p_p_state=normal&p_p_mode=view&_iniciativas_mode=mostrarDetalle&_iniciativas_legislatura=XII&_iniciativas_id=162/000199
29/11/2016,Proposiciones no de Ley.,"Proposición no de Ley del Grupo Parlamentario Popular en el Congreso, relativa a la conmemoración del Día Internacional de las Personas con Discapacidad.
Se vota en los términos de la enmienda transaccional presentada por todos los Grupos Parlamentarios.","Faba de la Encarnación, Elena",GCs,Sí,332,0,1,17,https://www.congreso.es/es/busqueda-de-iniciativas?p_p_id=iniciativas&p_p_lifecycle=0&p_p_state=normal&p_p_mode=view&_iniciativas_mode=mostrarDetalle&_iniciativas_legislatura=XII&_iniciativas_id=162/000199
29/11/2016,Proposiciones no de Ley.,"Proposición no de Ley del Grupo Parlamentario Popular en el Congreso, relativa a la conmemoración del Día Internacional de las Personas con Discapacidad.
Se vota en los términos de la enmienda transaccional presentada por todos los Grupos Parlamentarios.","Alconchel Gonzaga, Miriam",GS,Sí,332,0,1,17,https://www.congreso.es/es/busqueda-de-iniciativas?p_p_id=iniciativas&p_p_lifecycle=0&p_p_state=normal&p_p_mode=view&_iniciativas_mode=mostrarDetalle&_iniciativas_legislatura=XII&_iniciativas_id=162/000199
29/11/2016,Proposiciones no de Ley.,"Proposición no de Ley del Grupo Parlamentario Popular en el Congreso, relativa a la conmemoración del Día Internacional de las Personas con Discapacidad.
Se vota en los términos de la enmienda transaccional presentada por todos los Grupos Parlamentarios.","De Frutos Madrazo, María del Rocío",GS,Sí,332,0,1,17,https://www.congreso.es/es/busqueda-de-iniciativas?p_p_id=iniciativas&p_p_lifecycle=0&p_p_state=normal&p_p_mode=view&_iniciativas_mode=mostrarDetalle&_iniciativas_legislatura=XII&_iniciativas_id=162/000199
29/11/2016,Proposiciones no de Ley.,"Proposición no de Ley del Grupo Parlamentario Popular en el Congreso, relativa a la conmemoración del Día Internacional de las Personas con Discapacidad.
Se vota en los términos de la enmienda transaccional presentada por todos los Grupos Parlamentarios.","Cámara Villar, Gregorio",GS,Sí,332,0,1,17,https://www.congreso.es/es/busqueda-de-iniciativas?p_p_id=iniciativas&p_p_lifecycle=0&p_p_state=normal&p_p_mode=view&_iniciativas_mode=mostrarDetalle&_iniciativas_legislatura=XII&_iniciativas_id=162/000199
29/11/2016,Proposiciones no de Ley.,"Proposición no de Ley del Grupo Parlamentario Popular en el Congreso, relativa a la conmemoración del Día Internacional de las Personas con Discapacidad.
Se vota en los términos de la enmienda transaccional presentada por todos los Grupos Parlamentarios.","Alonso Clusa, Rosa Ana",GCUP-EC-EM,Sí,332,0,1,17,https://www.congreso.es/es/busqueda-de-iniciativas?p_p_id=iniciativas&p_p_lifecycle=0&p_p_state=normal&p_p_mode=view&_iniciativas_mode=mostrarDetalle&_iniciativas_legislatura=XII&_iniciativas_id=162/000199
29/11/2016,Proposiciones no de Ley.,"Proposición no de Ley del Grupo Parlamentario Popular en el Congreso, relativa a la conmemoración del Día Internacional de las Personas con Discapacidad.
Se vota en los términos de la enmienda transaccional presentada por todos los Grupos Parlamentarios.","Romero Hernández, Carmelo",GP,Sí,332,0,1,17,https://www.congreso.es/es/busqueda-de-iniciativas?p_p_id=iniciativas&p_p_lifecycle=0&p_p_state=normal&p_p_mode=view&_iniciativas_mode=mostrarDetalle&_iniciativas_legislatura=XII&_iniciativas_id=162/000199
29/11/2016,Proposiciones no de Ley.,"Proposición no de Ley del Grupo Parlamentario Popular en el Congreso, relativa a la conmemoración del Día Internacional de las Personas con Discapacidad.
Se vota en los términos de la enmienda transaccional presentada por todos los Grupos Parlamentarios.","García Cañal, José Ramón",GP,Sí,332,0,1,17,https://www.congreso.es/es/busqueda-de-iniciativas?p_p_id=iniciativas&p_p_lifecycle=0&p_p_state=normal&p_p_mode=view&_iniciativas_mode=mostrarDetalle&_iniciativas_legislatura=XII&_iniciativas_id=162/000199
29/11/2016,Proposiciones no de Ley.,"Proposición no de Ley del Grupo Parlamentario Popular en el Congreso, relativa a la conmemoración del Día Internacional de las Personas con Discapacidad.
Se vota en los términos de la enmienda transaccional presentada por todos los Grupos Parlamentarios.","Martínez Vázquez, Francisco",GP,Sí,332,0,1,17,https://www.congreso.es/es/busqueda-de-iniciativas?p_p_id=iniciativas&p_p_lifecycle=0&p_p_state=normal&p_p_mode=view&_iniciativas_mode=mostrarDetalle&_iniciativas_legislatura=XII&_iniciativas_id=162/000199
29/11/2016,Proposiciones no de Ley.,"Proposición no de Ley del Grupo Parlamentario Popular en el Congreso, relativa a la conmemoración del Día Internacional de las Personas con Discapacidad.
Se vota en los términos de la enmienda transaccional presentada por todos los Grupos Parlamentarios.","Rallo Lombarte, Artemi",GS,Sí,332,0,1,17,https://www.congreso.es/es/busqueda-de-iniciativas?p_p_id=iniciativas&p_p_lifecycle=0&p_p_state=normal&p_p_mode=view&_iniciativas_mode=mostrarDetalle&_iniciativas_legislatura=XII&_iniciativas_id=162/000199
29/11/2016,Proposiciones no de Ley.,"Proposición no de Ley del Grupo Parlamentario Popular en el Congreso, relativa a la conmemoración del Día Internacional de las Personas con Discapacidad.
Se vota en los términos de la enmienda transaccional presentada por todos los Grupos Parlamentarios.","Lastra Fernández, Adriana",GS,Sí,332,0,1,17,https://www.congreso.es/es/busqueda-de-iniciativas?p_p_id=iniciativas&p_p_lifecycle=0&p_p_state=normal&p_p_mode=view&_iniciativas_mode=mostrarDetalle&_iniciativas_legislatura=XII&_iniciativas_id=162/000199
29/11/2016,Proposiciones no de Ley.,"Proposición no de Ley del Grupo Parlamentario Popular en el Congreso, relativa a la conmemoración del Día Internacional de las Personas con Discapacidad.
Se vota en los términos de la enmienda transaccional presentada por todos los Grupos Parlamentarios.","Sáenz de Santamaría Antón, María Soraya",GP,Sí,332,0,1,17,https://www.congreso.es/es/busqueda-de-iniciativas?p_p_id=iniciativas&p_p_lifecycle=0&p_p_state=normal&p_p_mode=view&_iniciativas_mode=mostrarDetalle&_iniciativas_legislatura=XII&_iniciativas_id=162/000199
29/11/2016,Proposiciones no de Ley.,"Proposición no de Ley del Grupo Parlamentario Popular en el Congreso, relativa a la conmemoración del Día Internacional de las Personas con Discapacidad.
Se vota en los términos de la enmienda transaccional presentada por todos los Grupos Parlamentarios.","Ayllón Manso, José Luis",GP,Sí,332,0,1,17,https://www.congreso.es/es/busqueda-de-iniciativas?p_p_id=iniciativas&p_p_lifecycle=0&p_p_state=normal&p_p_mode=view&_iniciativas_mode=mostrarDetalle&_iniciativas_legislatura=XII&_iniciativas_id=162/000199
29/11/2016,Proposiciones no de Ley.,"Proposición no de Ley del Grupo Parlamentario Popular en el Congreso, relativa a la conmemoración del Día Internacional de las Personas con Discapacidad.
Se vota en los términos de la enmienda transaccional presentada por todos los Grupos Parlamentarios.","Nadal Belda, Álvaro María",GP,Sí,332,0,1,17,https://www.congreso.es/es/busqueda-de-iniciativas?p_p_id=iniciativas&p_p_lifecycle=0&p_p_state=normal&p_p_mode=view&_iniciativas_mode=mostrarDetalle&_iniciativas_legislatura=XII&_iniciativas_id=162/000199
29/11/2016,Proposiciones no de Ley.,"Proposición no de Ley del Grupo Parlamentario Popular en el Congreso, relativa a la conmemoración del Día Internacional de las Personas con Discapacidad.
Se vota en los términos de la enmienda transaccional presentada por todos los Grupos Parlamentarios.","Flórez Rodríguez, María Aurora",GS,Sí,332,0,1,17,https://www.congreso.es/es/busqueda-de-iniciativas?p_p_id=iniciativas&p_p_lifecycle=0&p_p_state=normal&p_p_mode=view&_iniciativas_mode=mostrarDetalle&_iniciativas_legislatura=XII&_iniciativas_id=162/000199
29/11/2016,Proposiciones no de Ley.,"Proposición no de Ley del Grupo Parlamentario Popular en el Congreso, relativa a la conmemoración del Día Internacional de las Personas con Discapacidad.
Se vota en los términos de la enmienda transaccional presentada por todos los Grupos Parlamentarios.","Gamazo Micó, Óscar",GP,Sí,332,0,1,17,https://www.congreso.es/es/busqueda-de-iniciativas?p_p_id=iniciativas&p_p_lifecycle=0&p_p_state=normal&p_p_mode=view&_iniciativas_mode=mostrarDetalle&_iniciativas_legislatura=XII&_iniciativas_id=162/000199
29/11/2016,Proposiciones no de Ley.,"Proposición no de Ley del Grupo Parlamentario Popular en el Congreso, relativa a la conmemoración del Día Internacional de las Personas con Discapacidad.
Se vota en los términos de la enmienda transaccional presentada por todos los Grupos Parlamentarios.","Cantó García del Moral, Antonio",GCs,Sí,332,0,1,17,https://www.congreso.es/es/busqueda-de-iniciativas?p_p_id=iniciativas&p_p_lifecycle=0&p_p_state=normal&p_p_mode=view&_iniciativas_mode=mostrarDetalle&_iniciativas_legislatura=XII&_iniciativas_id=162/000199
29/11/2016,Proposiciones no de Ley.,"Proposición no de Ley del Grupo Parlamentario Popular en el Congreso, relativa a la conmemoración del Día Internacional de las Personas con Discapacidad.
Se vota en los términos de la enmienda transaccional presentada por todos los Grupos Parlamentarios.","Del Campo Estaún, Sergio",GCs,Sí,332,0,1,17,https://www.congreso.es/es/busqueda-de-iniciativas?p_p_id=iniciativas&p_p_lifecycle=0&p_p_state=normal&p_p_mode=view&_iniciativas_mode=mostrarDetalle&_iniciativas_legislatura=XII&_iniciativas_id=162/000199
29/11/2016,Proposiciones no de Ley.,"Proposición no de Ley del Grupo Parlamentario Popular en el Congreso, relativa a la conmemoración del Día Internacional de las Personas con Discapacidad.
Se vota en los términos de la enmienda transaccional presentada por todos los Grupos Parlamentarios.","De Cospedal García, María Dolores",GP,Sí,332,0,1,17,https://www.congreso.es/es/busqueda-de-iniciativas?p_p_id=iniciativas&p_p_lifecycle=0&p_p_state=normal&p_p_mode=view&_iniciativas_mode=mostrarDetalle&_iniciativas_legislatura=XII&_iniciativas_id=162/000199
29/11/2016,Proposiciones no de Ley.,"Proposición no de Ley del Grupo Parlamentario Popular en el Congreso, relativa a la conmemoración del Día Internacional de las Personas con Discapacidad.
Se vota en los términos de la enmienda transaccional presentada por todos los Grupos Parlamentarios.","Merino López, Rafael",GP,Sí,332,0,1,17,https://www.congreso.es/es/busqueda-de-iniciativas?p_p_id=iniciativas&p_p_lifecycle=0&p_p_state=normal&p_p_mode=view&_iniciativas_mode=mostrarDetalle&_iniciativas_legislatura=XII&_iniciativas_id=162/000199
29/11/2016,Proposiciones no de Ley.,"Proposición no de Ley del Grupo Parlamentario Popular en el Congreso, relativa a la conmemoración del Día Internacional de las Personas con Discapacidad.
Se vota en los términos de la enmienda transaccional presentada por todos los Grupos Parlamentarios.","Bel Accensi, Ferran",GMx,Sí,332,0,1,17,https://www.congreso.es/es/busqueda-de-iniciativas?p_p_id=iniciativas&p_p_lifecycle=0&p_p_state=normal&p_p_mode=view&_iniciativas_mode=mostrarDetalle&_iniciativas_legislatura=XII&_iniciativas_id=162/000199
29/11/2016,Proposiciones no de Ley.,"Proposición no de Ley del Grupo Parlamentario Popular en el Congreso, relativa a la conmemoración del Día Internacional de las Personas con Discapacidad.
Se vota en los términos de la enmienda transaccional presentada por todos los Grupos Parlamentarios.","Lorenzo Torres, Miguel",GP,Sí,332,0,1,17,https://www.congreso.es/es/busqueda-de-iniciativas?p_p_id=iniciativas&p_p_lifecycle=0&p_p_state=normal&p_p_mode=view&_iniciativas_mode=mostrarDetalle&_iniciativas_legislatura=XII&_iniciativas_id=162/000199
29/11/2016,Proposiciones no de Ley.,"Proposición no de Ley del Grupo Parlamentario Popular en el Congreso, relativa a la conmemoración del Día Internacional de las Personas con Discapacidad.
Se vota en los términos de la enmienda transaccional presentada por todos los Grupos Parlamentarios.","Angulo Romero, María Teresa",GP,Sí,332,0,1,17,https://www.congreso.es/es/busqueda-de-iniciativas?p_p_id=iniciativas&p_p_lifecycle=0&p_p_state=normal&p_p_mode=view&_iniciativas_mode=mostrarDetalle&_iniciativas_legislatura=XII&_iniciativas_id=162/000199
29/11/2016,Proposiciones no de Ley.,"Proposición no de Ley del Grupo Parlamentario Popular en el Congreso, relativa a la conmemoración del Día Internacional de las Personas con Discapacidad.
Se vota en los términos de la enmienda transaccional presentada por todos los Grupos Parlamentarios.","Martínez Seijo, María Luz",GS,Sí,332,0,1,17,https://www.congreso.es/es/busqueda-de-iniciativas?p_p_id=iniciativas&p_p_lifecycle=0&p_p_state=normal&p_p_mode=view&_iniciativas_mode=mostrarDetalle&_iniciativas_legislatura=XII&_iniciativas_id=162/000199
29/11/2016,Proposiciones no de Ley.,"Proposición no de Ley del Grupo Parlamentario Popular en el Congreso, relativa a la conmemoración del Día Internacional de las Personas con Discapacidad.
Se vota en los términos de la enmienda transaccional presentada por todos los Grupos Parlamentarios.","Arévalo Caraballo, María Teresa",GCUP-EC-EM,Sí,332,0,1,17,https://www.congreso.es/es/busqueda-de-iniciativas?p_p_id=iniciativas&p_p_lifecycle=0&p_p_state=normal&p_p_mode=view&_iniciativas_mode=mostrarDetalle&_iniciativas_legislatura=XII&_iniciativas_id=162/000199
29/11/2016,Proposiciones no de Ley.,"Proposición no de Ley del Grupo Parlamentario Popular en el Congreso, relativa a la conmemoración del Día Internacional de las Personas con Discapacidad.
Se vota en los términos de la enmienda transaccional presentada por todos los Grupos Parlamentarios.","Moraleja Gómez, Tristana María",GP,Sí,332,0,1,17,https://www.congreso.es/es/busqueda-de-iniciativas?p_p_id=iniciativas&p_p_lifecycle=0&p_p_state=normal&p_p_mode=view&_iniciativas_mode=mostrarDetalle&_iniciativas_legislatura=XII&_iniciativas_id=162/000199
29/11/2016,Proposiciones no de Ley.,"Proposición no de Ley del Grupo Parlamentario Popular en el Congreso, relativa a la conmemoración del Día Internacional de las Personas con Discapacidad.
Se vota en los términos de la enmienda transaccional presentada por todos los Grupos Parlamentarios.","Capella i Farré, Ester",GER,Sí,332,0,1,17,https://www.congreso.es/es/busqueda-de-iniciativas?p_p_id=iniciativas&p_p_lifecycle=0&p_p_state=normal&p_p_mode=view&_iniciativas_mode=mostrarDetalle&_iniciativas_legislatura=XII&_iniciativas_id=162/000199
29/11/2016,Proposiciones no de Ley.,"Proposición no de Ley del Grupo Parlamentario Popular en el Congreso, relativa a la conmemoración del Día Internacional de las Personas con Discapacidad.
Se vota en los términos de la enmienda transaccional presentada por todos los Grupos Parlamentarios.","Prendes Prendes, José Ignacio",GCs,Sí,332,0,1,17,https://www.congreso.es/es/busqueda-de-iniciativas?p_p_id=iniciativas&p_p_lifecycle=0&p_p_state=normal&p_p_mode=view&_iniciativas_mode=mostrarDetalle&_iniciativas_legislatura=XII&_iniciativas_id=162/000199
29/11/2016,Proposiciones no de Ley.,"Proposición no de Ley del Grupo Parlamentario Popular en el Congreso, relativa a la conmemoración del Día Internacional de las Personas con Discapacidad.
Se vota en los términos de la enmienda transaccional presentada por todos los Grupos Parlamentarios.","Peña Camarero, Esther",GS,Sí,332,0,1,17,https://www.congreso.es/es/busqueda-de-iniciativas?p_p_id=iniciativas&p_p_lifecycle=0&p_p_state=normal&p_p_mode=view&_iniciativas_mode=mostrarDetalle&_iniciativas_legislatura=XII&_iniciativas_id=162/000199
29/11/2016,Proposiciones no de Ley.,"Proposición no de Ley del Grupo Parlamentario Popular en el Congreso, relativa a la conmemoración del Día Internacional de las Personas con Discapacidad.
Se vota en los términos de la enmienda transaccional presentada por todos los Grupos Parlamentarios.","Pons Sampietro, Pere Joan",GS,Sí,332,0,1,17,https://www.congreso.es/es/busqueda-de-iniciativas?p_p_id=iniciativas&p_p_lifecycle=0&p_p_state=normal&p_p_mode=view&_iniciativas_mode=mostrarDetalle&_iniciativas_legislatura=XII&_iniciativas_id=162/000199
29/11/2016,Proposiciones no de Ley.,"Proposición no de Ley del Grupo Parlamentario Popular en el Congreso, relativa a la conmemoración del Día Internacional de las Personas con Discapacidad.
Se vota en los términos de la enmienda transaccional presentada por todos los Grupos Parlamentarios.","Hernanz Costa, Sofía",GS,Sí,332,0,1,17,https://www.congreso.es/es/busqueda-de-iniciativas?p_p_id=iniciativas&p_p_lifecycle=0&p_p_state=normal&p_p_mode=view&_iniciativas_mode=mostrarDetalle&_iniciativas_legislatura=XII&_iniciativas_id=162/000199
29/11/2016,Proposiciones no de Ley.,"Proposición no de Ley del Grupo Parlamentario Popular en el Congreso, relativa a la conmemoración del Día Internacional de las Personas con Discapacidad.
Se vota en los términos de la enmienda transaccional presentada por todos los Grupos Parlamentarios.","Rodríguez Hernández, Juana Amalia",GS,Sí,332,0,1,17,https://www.congreso.es/es/busqueda-de-iniciativas?p_p_id=iniciativas&p_p_lifecycle=0&p_p_state=normal&p_p_mode=view&_iniciativas_mode=mostrarDetalle&_iniciativas_legislatura=XII&_iniciativas_id=162/000199
29/11/2016,Proposiciones no de Ley.,"Proposición no de Ley del Grupo Parlamentario Popular en el Congreso, relativa a la conmemoración del Día Internacional de las Personas con Discapacidad.
Se vota en los términos de la enmienda transaccional presentada por todos los Grupos Parlamentarios.","Rojas García, Carlos",GP,Sí,332,0,1,17,https://www.congreso.es/es/busqueda-de-iniciativas?p_p_id=iniciativas&p_p_lifecycle=0&p_p_state=normal&p_p_mode=view&_iniciativas_mode=mostrarDetalle&_iniciativas_legislatura=XII&_iniciativas_id=162/000199
29/11/2016,Proposiciones no de Ley.,"Proposición no de Ley del Grupo Parlamentario Popular en el Congreso, relativa a la conmemoración del Día Internacional de las Personas con Discapacidad.
Se vota en los términos de la enmienda transaccional presentada por todos los Grupos Parlamentarios.","Casado Blanco, Pablo",GP,Sí,332,0,1,17,https://www.congreso.es/es/busqueda-de-iniciativas?p_p_id=iniciativas&p_p_lifecycle=0&p_p_state=normal&p_p_mode=view&_iniciativas_mode=mostrarDetalle&_iniciativas_legislatura=XII&_iniciativas_id=162/000199
29/11/2016,Proposiciones no de Ley.,"Proposición no de Ley del Grupo Parlamentario Popular en el Congreso, relativa a la conmemoración del Día Internacional de las Personas con Discapacidad.
Se vota en los términos de la enmienda transaccional presentada por todos los Grupos Parlamentarios.","Bermúdez de Castro Fernández, José Antonio",GP,Sí,332,0,1,17,https://www.congreso.es/es/busqueda-de-iniciativas?p_p_id=iniciativas&p_p_lifecycle=0&p_p_state=normal&p_p_mode=view&_iniciativas_mode=mostrarDetalle&_iniciativas_legislatura=XII&_iniciativas_id=162/000199
29/11/2016,Proposiciones no de Ley.,"Proposición no de Ley del Grupo Parlamentario Popular en el Congreso, relativa a la conmemoración del Día Internacional de las Personas con Discapacidad.
Se vota en los términos de la enmienda transaccional presentada por todos los Grupos Parlamentarios.","Moragas Sánchez, Jorge",GP,Sí,332,0,1,17,https://www.congreso.es/es/busqueda-de-iniciativas?p_p_id=iniciativas&p_p_lifecycle=0&p_p_state=normal&p_p_mode=view&_iniciativas_mode=mostrarDetalle&_iniciativas_legislatura=XII&_iniciativas_id=162/000199
29/11/2016,Proposiciones no de Ley.,"Proposición no de Ley del Grupo Parlamentario Popular en el Congreso, relativa a la conmemoración del Día Internacional de las Personas con Discapacidad.
Se vota en los términos de la enmienda transaccional presentada por todos los Grupos Parlamentarios.","Sumelzo Jordán, Susana",GS,Sí,332,0,1,17,https://www.congreso.es/es/busqueda-de-iniciativas?p_p_id=iniciativas&p_p_lifecycle=0&p_p_state=normal&p_p_mode=view&_iniciativas_mode=mostrarDetalle&_iniciativas_legislatura=XII&_iniciativas_id=162/000199
29/11/2016,Proposiciones no de Ley.,"Proposición no de Ley del Grupo Parlamentario Popular en el Congreso, relativa a la conmemoración del Día Internacional de las Personas con Discapacidad.
Se vota en los términos de la enmienda transaccional presentada por todos los Grupos Parlamentarios.","Moneo Díez, María Sandra",GP,Sí,332,0,1,17,https://www.congreso.es/es/busqueda-de-iniciativas?p_p_id=iniciativas&p_p_lifecycle=0&p_p_state=normal&p_p_mode=view&_iniciativas_mode=mostrarDetalle&_iniciativas_legislatura=XII&_iniciativas_id=162/000199
29/11/2016,Proposiciones no de Ley.,"Proposición no de Ley del Grupo Parlamentario Popular en el Congreso, relativa a la conmemoración del Día Internacional de las Personas con Discapacidad.
Se vota en los términos de la enmienda transaccional presentada por todos los Grupos Parlamentarios.","García Tejerina, Isabel",GP,Sí,332,0,1,17,https://www.congreso.es/es/busqueda-de-iniciativas?p_p_id=iniciativas&p_p_lifecycle=0&p_p_state=normal&p_p_mode=view&_iniciativas_mode=mostrarDetalle&_iniciativas_legislatura=XII&_iniciativas_id=162/000199
29/11/2016,Proposiciones no de Ley.,"Proposición no de Ley del Grupo Parlamentario Popular en el Congreso, relativa a la conmemoración del Día Internacional de las Personas con Discapacidad.
Se vota en los términos de la enmienda transaccional presentada por todos los Grupos Parlamentarios.","Báñez García, María Fátima",GP,Sí,332,0,1,17,https://www.congreso.es/es/busqueda-de-iniciativas?p_p_id=iniciativas&p_p_lifecycle=0&p_p_state=normal&p_p_mode=view&_iniciativas_mode=mostrarDetalle&_iniciativas_legislatura=XII&_iniciativas_id=162/000199
29/11/2016,Proposiciones no de Ley.,"Proposición no de Ley del Grupo Parlamentario Popular en el Congreso, relativa a la conmemoración del Día Internacional de las Personas con Discapacidad.
Se vota en los términos de la enmienda transaccional presentada por todos los Grupos Parlamentarios.","Carracedo Verde, José David",GCUP-EC-EM,Sí,332,0,1,17,https://www.congreso.es/es/busqueda-de-iniciativas?p_p_id=iniciativas&p_p_lifecycle=0&p_p_state=normal&p_p_mode=view&_iniciativas_mode=mostrarDetalle&_iniciativas_legislatura=XII&_iniciativas_id=162/000199
29/11/2016,Proposiciones no de Ley.,"Proposición no de Ley del Grupo Parlamentario Popular en el Congreso, relativa a la conmemoración del Día Internacional de las Personas con Discapacidad.
Se vota en los términos de la enmienda transaccional presentada por todos los Grupos Parlamentarios.","Mariscal Anaya, Guillermo",GP,Sí,332,0,1,17,https://www.congreso.es/es/busqueda-de-iniciativas?p_p_id=iniciativas&p_p_lifecycle=0&p_p_state=normal&p_p_mode=view&_iniciativas_mode=mostrarDetalle&_iniciativas_legislatura=XII&_iniciativas_id=162/000199
29/11/2016,Proposiciones no de Ley.,"Proposición no de Ley del Grupo Parlamentario Popular en el Congreso, relativa a la conmemoración del Día Internacional de las Personas con Discapacidad.
Se vota en los términos de la enmienda transaccional presentada por todos los Grupos Parlamentarios.","Aguirre Rodríguez, Ramón",GP,Sí,332,0,1,17,https://www.congreso.es/es/busqueda-de-iniciativas?p_p_id=iniciativas&p_p_lifecycle=0&p_p_state=normal&p_p_mode=view&_iniciativas_mode=mostrarDetalle&_iniciativas_legislatura=XII&_iniciativas_id=162/000199
29/11/2016,Proposiciones no de Ley.,"Proposición no de Ley del Grupo Parlamentario Popular en el Congreso, relativa a la conmemoración del Día Internacional de las Personas con Discapacidad.
Se vota en los términos de la enmienda transaccional presentada por todos los Grupos Parlamentarios.","Palacín Guarné, Gonzalo",GS,Sí,332,0,1,17,https://www.congreso.es/es/busqueda-de-iniciativas?p_p_id=iniciativas&p_p_lifecycle=0&p_p_state=normal&p_p_mode=view&_iniciativas_mode=mostrarDetalle&_iniciativas_legislatura=XII&_iniciativas_id=162/000199
29/11/2016,Proposiciones no de Ley.,"Proposición no de Ley del Grupo Parlamentario Popular en el Congreso, relativa a la conmemoración del Día Internacional de las Personas con Discapacidad.
Se vota en los términos de la enmienda transaccional presentada por todos los Grupos Parlamentarios.","Raya Rodríguez, María Tamara",GS,Sí,332,0,1,17,https://www.congreso.es/es/busqueda-de-iniciativas?p_p_id=iniciativas&p_p_lifecycle=0&p_p_state=normal&p_p_mode=view&_iniciativas_mode=mostrarDetalle&_iniciativas_legislatura=XII&_iniciativas_id=162/000199
29/11/2016,Proposiciones no de Ley.,"Proposición no de Ley del Grupo Parlamentario Popular en el Congreso, relativa a la conmemoración del Día Internacional de las Personas con Discapacidad.
Se vota en los términos de la enmienda transaccional presentada por todos los Grupos Parlamentarios.","Santos Itoiz, Eduardo",GCUP-EC-EM,Sí,332,0,1,17,https://www.congreso.es/es/busqueda-de-iniciativas?p_p_id=iniciativas&p_p_lifecycle=0&p_p_state=normal&p_p_mode=view&_iniciativas_mode=mostrarDetalle&_iniciativas_legislatura=XII&_iniciativas_id=162/000199
29/11/2016,Proposiciones no de Ley.,"Proposición no de Ley del Grupo Parlamentario Popular en el Congreso, relativa a la conmemoración del Día Internacional de las Personas con Discapacidad.
Se vota en los términos de la enmienda transaccional presentada por todos los Grupos Parlamentarios.","García Díez, Joaquín María",GP,Sí,332,0,1,17,https://www.congreso.es/es/busqueda-de-iniciativas?p_p_id=iniciativas&p_p_lifecycle=0&p_p_state=normal&p_p_mode=view&_iniciativas_mode=mostrarDetalle&_iniciativas_legislatura=XII&_iniciativas_id=162/000199
29/11/2016,Proposiciones no de Ley.,"Proposición no de Ley del Grupo Parlamentario Popular en el Congreso, relativa a la conmemoración del Día Internacional de las Personas con Discapacidad.
Se vota en los términos de la enmienda transaccional presentada por todos los Grupos Parlamentarios.","De la Concha García-Mauriño, María Asunción Jacoba Pía",GCUP-EC-EM,Sí,332,0,1,17,https://www.congreso.es/es/busqueda-de-iniciativas?p_p_id=iniciativas&p_p_lifecycle=0&p_p_state=normal&p_p_mode=view&_iniciativas_mode=mostrarDetalle&_iniciativas_legislatura=XII&_iniciativas_id=162/000199
29/11/2016,Proposiciones no de Ley.,"Proposición no de Ley del Grupo Parlamentario Popular en el Congreso, relativa a la conmemoración del Día Internacional de las Personas con Discapacidad.
Se vota en los términos de la enmienda transaccional presentada por todos los Grupos Parlamentarios.","Galovart Carrera, María Dolores",GS,Sí,332,0,1,17,https://www.congreso.es/es/busqueda-de-iniciativas?p_p_id=iniciativas&p_p_lifecycle=0&p_p_state=normal&p_p_mode=view&_iniciativas_mode=mostrarDetalle&_iniciativas_legislatura=XII&_iniciativas_id=162/000199
29/11/2016,Proposiciones no de Ley.,"Proposición no de Ley del Grupo Parlamentario Popular en el Congreso, relativa a la conmemoración del Día Internacional de las Personas con Discapacidad.
Se vota en los términos de la enmienda transaccional presentada por todos los Grupos Parlamentarios.","González García, Segundo",GCUP-EC-EM,Sí,332,0,1,17,https://www.congreso.es/es/busqueda-de-iniciativas?p_p_id=iniciativas&p_p_lifecycle=0&p_p_state=normal&p_p_mode=view&_iniciativas_mode=mostrarDetalle&_iniciativas_legislatura=XII&_iniciativas_id=162/000199
29/11/2016,Proposiciones no de Ley.,"Proposición no de Ley del Grupo Parlamentario Popular en el Congreso, relativa a la conmemoración del Día Internacional de las Personas con Discapacidad.
Se vota en los términos de la enmienda transaccional presentada por todos los Grupos Parlamentarios.","Rodríguez Rodríguez, Alberto",GCUP-EC-EM,Sí,332,0,1,17,https://www.congreso.es/es/busqueda-de-iniciativas?p_p_id=iniciativas&p_p_lifecycle=0&p_p_state=normal&p_p_mode=view&_iniciativas_mode=mostrarDetalle&_iniciativas_legislatura=XII&_iniciativas_id=162/000199
29/11/2016,Proposiciones no de Ley.,"Proposición no de Ley del Grupo Parlamentario Popular en el Congreso, relativa a la conmemoración del Día Internacional de las Personas con Discapacidad.
Se vota en los términos de la enmienda transaccional presentada por todos los Grupos Parlamentarios.","Carreño Valero, Sara",GCUP-EC-EM,Sí,332,0,1,17,https://www.congreso.es/es/busqueda-de-iniciativas?p_p_id=iniciativas&p_p_lifecycle=0&p_p_state=normal&p_p_mode=view&_iniciativas_mode=mostrarDetalle&_iniciativas_legislatura=XII&_iniciativas_id=162/000199
29/11/2016,Proposiciones no de Ley.,"Proposición no de Ley del Grupo Parlamentario Popular en el Congreso, relativa a la conmemoración del Día Internacional de las Personas con Discapacidad.
Se vota en los términos de la enmienda transaccional presentada por todos los Grupos Parlamentarios.","Jiménez Tortosa, Juan",GS,Sí,332,0,1,17,https://www.congreso.es/es/busqueda-de-iniciativas?p_p_id=iniciativas&p_p_lifecycle=0&p_p_state=normal&p_p_mode=view&_iniciativas_mode=mostrarDetalle&_iniciativas_legislatura=XII&_iniciativas_id=162/000199
29/11/2016,Proposiciones no de Ley.,"Proposición no de Ley del Grupo Parlamentario Popular en el Congreso, relativa a la conmemoración del Día Internacional de las Personas con Discapacidad.
Se vota en los términos de la enmienda transaccional presentada por todos los Grupos Parlamentarios.","Eritja Ciuró, Francesc Xavier",GER,Sí,332,0,1,17,https://www.congreso.es/es/busqueda-de-iniciativas?p_p_id=iniciativas&p_p_lifecycle=0&p_p_state=normal&p_p_mode=view&_iniciativas_mode=mostrarDetalle&_iniciativas_legislatura=XII&_iniciativas_id=162/000199
29/11/2016,Proposiciones no de Ley.,"Proposición no de Ley del Grupo Parlamentario Popular en el Congreso, relativa a la conmemoración del Día Internacional de las Personas con Discapacidad.
Se vota en los términos de la enmienda transaccional presentada por todos los Grupos Parlamentarios.","Olòriz Serra, Joan",GER,Sí,332,0,1,17,https://www.congreso.es/es/busqueda-de-iniciativas?p_p_id=iniciativas&p_p_lifecycle=0&p_p_state=normal&p_p_mode=view&_iniciativas_mode=mostrarDetalle&_iniciativas_legislatura=XII&_iniciativas_id=162/000199
29/11/2016,Proposiciones no de Ley.,"Proposición no de Ley del Grupo Parlamentario Popular en el Congreso, relativa a la conmemoración del Día Internacional de las Personas con Discapacidad.
Se vota en los términos de la enmienda transaccional presentada por todos los Grupos Parlamentarios.","Jordà i Roura, Teresa",GER,Sí,332,0,1,17,https://www.congreso.es/es/busqueda-de-iniciativas?p_p_id=iniciativas&p_p_lifecycle=0&p_p_state=normal&p_p_mode=view&_iniciativas_mode=mostrarDetalle&_iniciativas_legislatura=XII&_iniciativas_id=162/000199
29/11/2016,Proposiciones no de Ley.,"Proposición no de Ley del Grupo Parlamentario Popular en el Congreso, relativa a la conmemoración del Día Internacional de las Personas con Discapacidad.
Se vota en los términos de la enmienda transaccional presentada por todos los Grupos Parlamentarios.","Rufián Romero, Gabriel",GER,Sí,332,0,1,17,https://www.congreso.es/es/busqueda-de-iniciativas?p_p_id=iniciativas&p_p_lifecycle=0&p_p_state=normal&p_p_mode=view&_iniciativas_mode=mostrarDetalle&_iniciativas_legislatura=XII&_iniciativas_id=162/000199
29/11/2016,Proposiciones no de Ley.,"Proposición no de Ley del Grupo Parlamentario Popular en el Congreso, relativa a la conmemoración del Día Internacional de las Personas con Discapacidad.
Se vota en los términos de la enmienda transaccional presentada por todos los Grupos Parlamentarios.","Capdevila i Esteve, Joan",GER,Sí,332,0,1,17,https://www.congreso.es/es/busqueda-de-iniciativas?p_p_id=iniciativas&p_p_lifecycle=0&p_p_state=normal&p_p_mode=view&_iniciativas_mode=mostrarDetalle&_iniciativas_legislatura=XII&_iniciativas_id=162/000199
29/11/2016,Proposiciones no de Ley.,"Proposición no de Ley del Grupo Parlamentario Popular en el Congreso, relativa a la conmemoración del Día Internacional de las Personas con Discapacidad.
Se vota en los términos de la enmienda transaccional presentada por todos los Grupos Parlamentarios.","Marcello Santos, Ana",GCUP-EC-EM,Sí,332,0,1,17,https://www.congreso.es/es/busqueda-de-iniciativas?p_p_id=iniciativas&p_p_lifecycle=0&p_p_state=normal&p_p_mode=view&_iniciativas_mode=mostrarDetalle&_iniciativas_legislatura=XII&_iniciativas_id=162/000199
29/11/2016,Proposiciones no de Ley.,"Proposición no de Ley del Grupo Parlamentario Popular en el Congreso, relativa a la conmemoración del Día Internacional de las Personas con Discapacidad.
Se vota en los términos de la enmienda transaccional presentada por todos los Grupos Parlamentarios.","Girauta Vidal, Juan Carlos",GCs,Sí,332,0,1,17,https://www.congreso.es/es/busqueda-de-iniciativas?p_p_id=iniciativas&p_p_lifecycle=0&p_p_state=normal&p_p_mode=view&_iniciativas_mode=mostrarDetalle&_iniciativas_legislatura=XII&_iniciativas_id=162/000199
29/11/2016,Proposiciones no de Ley.,"Proposición no de Ley del Grupo Parlamentario Popular en el Congreso, relativa a la conmemoración del Día Internacional de las Personas con Discapacidad.
Se vota en los términos de la enmienda transaccional presentada por todos los Grupos Parlamentarios.","Rodríguez Hernández, Melisa",GCs,Sí,332,0,1,17,https://www.congreso.es/es/busqueda-de-iniciativas?p_p_id=iniciativas&p_p_lifecycle=0&p_p_state=normal&p_p_mode=view&_iniciativas_mode=mostrarDetalle&_iniciativas_legislatura=XII&_iniciativas_id=162/000199
29/11/2016,Proposiciones no de Ley.,"Proposición no de Ley del Grupo Parlamentario Popular en el Congreso, relativa a la conmemoración del Día Internacional de las Personas con Discapacidad.
Se vota en los términos de la enmienda transaccional presentada por todos los Grupos Parlamentarios.","Matute García de Jalón, Oskar",GMx,Sí,332,0,1,17,https://www.congreso.es/es/busqueda-de-iniciativas?p_p_id=iniciativas&p_p_lifecycle=0&p_p_state=normal&p_p_mode=view&_iniciativas_mode=mostrarDetalle&_iniciativas_legislatura=XII&_iniciativas_id=162/000199
29/11/2016,Proposiciones no de Ley.,"Proposición no de Ley del Grupo Parlamentario Popular en el Congreso, relativa a la conmemoración del Día Internacional de las Personas con Discapacidad.
Se vota en los términos de la enmienda transaccional presentada por todos los Grupos Parlamentarios.","Fernández Bello, Miguel Anxo",GCUP-EC-EM,Sí,332,0,1,17,https://www.congreso.es/es/busqueda-de-iniciativas?p_p_id=iniciativas&p_p_lifecycle=0&p_p_state=normal&p_p_mode=view&_iniciativas_mode=mostrarDetalle&_iniciativas_legislatura=XII&_iniciativas_id=162/000199
29/11/2016,Proposiciones no de Ley.,"Proposición no de Ley del Grupo Parlamentario Popular en el Congreso, relativa a la conmemoración del Día Internacional de las Personas con Discapacidad.
Se vota en los términos de la enmienda transaccional presentada por todos los Grupos Parlamentarios.","Fernández Gómez, Alexandra",GCUP-EC-EM,Sí,332,0,1,17,https://www.congreso.es/es/busqueda-de-iniciativas?p_p_id=iniciativas&p_p_lifecycle=0&p_p_state=normal&p_p_mode=view&_iniciativas_mode=mostrarDetalle&_iniciativas_legislatura=XII&_iniciativas_id=162/000199
29/11/2016,Proposiciones no de Ley.,"Proposición no de Ley del Grupo Parlamentario Popular en el Congreso, relativa a la conmemoración del Día Internacional de las Personas con Discapacidad.
Se vota en los términos de la enmienda transaccional presentada por todos los Grupos Parlamentarios.","Rodríguez Martínez, Ángela",GCUP-EC-EM,Sí,332,0,1,17,https://www.congreso.es/es/busqueda-de-iniciativas?p_p_id=iniciativas&p_p_lifecycle=0&p_p_state=normal&p_p_mode=view&_iniciativas_mode=mostrarDetalle&_iniciativas_legislatura=XII&_iniciativas_id=162/000199
29/11/2016,Proposiciones no de Ley.,"Proposición no de Ley del Grupo Parlamentario Popular en el Congreso, relativa a la conmemoración del Día Internacional de las Personas con Discapacidad.
Se vota en los términos de la enmienda transaccional presentada por todos los Grupos Parlamentarios.","Quevedo Iturbe, Pedro",GMx,Sí,332,0,1,17,https://www.congreso.es/es/busqueda-de-iniciativas?p_p_id=iniciativas&p_p_lifecycle=0&p_p_state=normal&p_p_mode=view&_iniciativas_mode=mostrarDetalle&_iniciativas_legislatura=XII&_iniciativas_id=162/000199
29/11/2016,Proposiciones no de Ley.,"Proposición no de Ley del Grupo Parlamentario Popular en el Congreso, relativa a la conmemoración del Día Internacional de las Personas con Discapacidad.
Se vota en los términos de la enmienda transaccional presentada por todos los Grupos Parlamentarios.","Císcar Casabán, Ciprià",GS,Sí,332,0,1,17,https://www.congreso.es/es/busqueda-de-iniciativas?p_p_id=iniciativas&p_p_lifecycle=0&p_p_state=normal&p_p_mode=view&_iniciativas_mode=mostrarDetalle&_iniciativas_legislatura=XII&_iniciativas_id=162/000199
29/11/2016,Proposiciones no de Ley.,"Proposición no de Ley del Grupo Parlamentario Popular en el Congreso, relativa a la conmemoración del Día Internacional de las Personas con Discapacidad.
Se vota en los términos de la enmienda transaccional presentada por todos los Grupos Parlamentarios.","Píriz Maya, Víctor Valentín",GP,Sí,332,0,1,17,https://www.congreso.es/es/busqueda-de-iniciativas?p_p_id=iniciativas&p_p_lifecycle=0&p_p_state=normal&p_p_mode=view&_iniciativas_mode=mostrarDetalle&_iniciativas_legislatura=XII&_iniciativas_id=162/000199
29/11/2016,Proposiciones no de Ley.,"Proposición no de Ley del Grupo Parlamentario Popular en el Congreso, relativa a la conmemoración del Día Internacional de las Personas con Discapacidad.
Se vota en los términos de la enmienda transaccional presentada por todos los Grupos Parlamentarios.","Cortés Lastra, Ricardo",GS,Sí,332,0,1,17,https://www.congreso.es/es/busqueda-de-iniciativas?p_p_id=iniciativas&p_p_lifecycle=0&p_p_state=normal&p_p_mode=view&_iniciativas_mode=mostrarDetalle&_iniciativas_legislatura=XII&_iniciativas_id=162/000199
29/11/2016,Proposiciones no de Ley.,"Proposición no de Ley del Grupo Parlamentario Popular en el Congreso, relativa a la conmemoración del Día Internacional de las Personas con Discapacidad.
Se vota en los términos de la enmienda transaccional presentada por todos los Grupos Parlamentarios.","Julià Julià, María Sandra",GCs,Sí,332,0,1,17,https://www.congreso.es/es/busqueda-de-iniciativas?p_p_id=iniciativas&p_p_lifecycle=0&p_p_state=normal&p_p_mode=view&_iniciativas_mode=mostrarDetalle&_iniciativas_legislatura=XII&_iniciativas_id=162/000199
29/11/2016,Proposiciones no de Ley.,"Proposición no de Ley del Grupo Parlamentario Popular en el Congreso, relativa a la conmemoración del Día Internacional de las Personas con Discapacidad.
Se vota en los términos de la enmienda transaccional presentada por todos los Grupos Parlamentarios.","Maroto Aranzábal, Javier",GP,Sí,332,0,1,17,https://www.congreso.es/es/busqueda-de-iniciativas?p_p_id=iniciativas&p_p_lifecycle=0&p_p_state=normal&p_p_mode=view&_iniciativas_mode=mostrarDetalle&_iniciativas_legislatura=XII&_iniciativas_id=162/000199
29/11/2016,Proposiciones no de Ley.,"Proposición no de Ley del Grupo Parlamentario Popular en el Congreso, relativa a la conmemoración del Día Internacional de las Personas con Discapacidad.
Se vota en los términos de la enmienda transaccional presentada por todos los Grupos Parlamentarios.","Merchán Mesón, Carlota",GS,Sí,332,0,1,17,https://www.congreso.es/es/busqueda-de-iniciativas?p_p_id=iniciativas&p_p_lifecycle=0&p_p_state=normal&p_p_mode=view&_iniciativas_mode=mostrarDetalle&_iniciativas_legislatura=XII&_iniciativas_id=162/000199
29/11/2016,Proposiciones no de Ley.,"Proposición no de Ley del Grupo Parlamentario Popular en el Congreso, relativa a la conmemoración del Día Internacional de las Personas con Discapacidad.
Se vota en los términos de la enmienda transaccional presentada por todos los Grupos Parlamentarios.","Fole Díaz, Tomás Javier",GP,Sí,332,0,1,17,https://www.congreso.es/es/busqueda-de-iniciativas?p_p_id=iniciativas&p_p_lifecycle=0&p_p_state=normal&p_p_mode=view&_iniciativas_mode=mostrarDetalle&_iniciativas_legislatura=XII&_iniciativas_id=162/000199
29/11/2016,Proposiciones no de Ley.,"Proposición no de Ley del Grupo Parlamentario Popular en el Congreso, relativa a la conmemoración del Día Internacional de las Personas con Discapacidad.
Se vota en los términos de la enmienda transaccional presentada por todos los Grupos Parlamentarios.","Calvente Gallego, Javier",GP,Sí,332,0,1,17,https://www.congreso.es/es/busqueda-de-iniciativas?p_p_id=iniciativas&p_p_lifecycle=0&p_p_state=normal&p_p_mode=view&_iniciativas_mode=mostrarDetalle&_iniciativas_legislatura=XII&_iniciativas_id=162/000199
29/11/2016,Proposiciones no de Ley.,"Proposición no de Ley del Grupo Parlamentario Popular en el Congreso, relativa a la conmemoración del Día Internacional de las Personas con Discapacidad.
Se vota en los términos de la enmienda transaccional presentada por todos los Grupos Parlamentarios.","Alberto Pérez, Celia",GP,Sí,332,0,1,17,https://www.congreso.es/es/busqueda-de-iniciativas?p_p_id=iniciativas&p_p_lifecycle=0&p_p_state=normal&p_p_mode=view&_iniciativas_mode=mostrarDetalle&_iniciativas_legislatura=XII&_iniciativas_id=162/000199
29/11/2016,Proposiciones no de Ley.,"Proposición no de Ley del Grupo Parlamentario Popular en el Congreso, relativa a la conmemoración del Día Internacional de las Personas con Discapacidad.
Se vota en los términos de la enmienda transaccional presentada por todos los Grupos Parlamentarios.","Navarro Cruz, María del Carmen",,Sí,332,0,1,17,https://www.congreso.es/es/busqueda-de-iniciativas?p_p_id=iniciativas&p_p_lifecycle=0&p_p_state=normal&p_p_mode=view&_iniciativas_mode=mostrarDetalle&_iniciativas_legislatura=XII&_iniciativas_id=162/000199
29/11/2016,Proposiciones no de Ley.,"Proposición no de Ley del Grupo Parlamentario Popular en el Congreso, relativa a la conmemoración del Día Internacional de las Personas con Discapacidad.
Se vota en los términos de la enmienda transaccional presentada por todos los Grupos Parlamentarios.","Alonso Hernández, Raquel",,Sí,332,0,1,17,https://www.congreso.es/es/busqueda-de-iniciativas?p_p_id=iniciativas&p_p_lifecycle=0&p_p_state=normal&p_p_mode=view&_iniciativas_mode=mostrarDetalle&_iniciativas_legislatura=XII&_iniciativas_id=162/000199
29/11/2016,Proposiciones no de Ley.,"Proposición no de Ley del Grupo Parlamentario Popular en el Congreso, relativa a la conmemoración del Día Internacional de las Personas con Discapacidad.
Se vota en los términos de la enmienda transaccional presentada por todos los Grupos Parlamentarios.","Cabezas Regaño, Isabel",,Sí,332,0,1,17,https://www.congreso.es/es/busqueda-de-iniciativas?p_p_id=iniciativas&p_p_lifecycle=0&p_p_state=normal&p_p_mode=view&_iniciativas_mode=mostrarDetalle&_iniciativas_legislatura=XII&_iniciativas_id=162/000199
29/11/2016,Proposiciones no de Ley.,"Proposición no de Ley del Grupo Parlamentario Popular en el Congreso, relativa a la conmemoración del Día Internacional de las Personas con Discapacidad.
Se vota en los términos de la enmienda transaccional presentada por todos los Grupos Parlamentarios.","Ruano García, Javier",,Sí,332,0,1,17,https://www.congreso.es/es/busqueda-de-iniciativas?p_p_id=iniciativas&p_p_lifecycle=0&p_p_state=normal&p_p_mode=view&_iniciativas_mode=mostrarDetalle&_iniciativas_legislatura=XII&_iniciativas_id=162/000199
29/11/2016,Proposiciones no de Ley.,"Proposición no de Ley del Grupo Parlamentario Popular en el Congreso, relativa a la conmemoración del Día Internacional de las Personas con Discapacidad.
Se vota en los términos de la enmienda transaccional presentada por todos los Grupos Parlamentarios.","De la Encina Ortega, Salvador Antonio",GS,Abstención,332,0,1,17,https://www.congreso.es/es/busqueda-de-iniciativas?p_p_id=iniciativas&p_p_lifecycle=0&p_p_state=normal&p_p_mode=view&_iniciativas_mode=mostrarDetalle&_iniciativas_legislatura=XII&_iniciativas_id=162/000199
29/11/2016,Proposiciones no de Ley.,"Proposición no de Ley del Grupo Parlamentario Popular en el Congreso, relativa a la conmemoración del Día Internacional de las Personas con Discapacidad.
Se vota en los términos de la enmienda transaccional presentada por todos los Grupos Parlamentarios.","Surra Spadea, Ana María",GER,No vota,332,0,1,17,https://www.congreso.es/es/busqueda-de-iniciativas?p_p_id=iniciativas&p_p_lifecycle=0&p_p_state=normal&p_p_mode=view&_iniciativas_mode=mostrarDetalle&_iniciativas_legislatura=XII&_iniciativas_id=162/000199
29/11/2016,Proposiciones no de Ley.,"Proposición no de Ley del Grupo Parlamentario Popular en el Congreso, relativa a la conmemoración del Día Internacional de las Personas con Discapacidad.
Se vota en los términos de la enmienda transaccional presentada por todos los Grupos Parlamentarios.","Rajoy Brey, Mariano",GP,No vota,332,0,1,17,https://www.congreso.es/es/busqueda-de-iniciativas?p_p_id=iniciativas&p_p_lifecycle=0&p_p_state=normal&p_p_mode=view&_iniciativas_mode=mostrarDetalle&_iniciativas_legislatura=XII&_iniciativas_id=162/000199
29/11/2016,Proposiciones no de Ley.,"Proposición no de Ley del Grupo Parlamentario Popular en el Congreso, relativa a la conmemoración del Día Internacional de las Personas con Discapacidad.
Se vota en los términos de la enmienda transaccional presentada por todos los Grupos Parlamentarios.","González Veracruz, María",GS,No vota,332,0,1,17,https://www.congreso.es/es/busqueda-de-iniciativas?p_p_id=iniciativas&p_p_lifecycle=0&p_p_state=normal&p_p_mode=view&_iniciativas_mode=mostrarDetalle&_iniciativas_legislatura=XII&_iniciativas_id=162/000199
29/11/2016,Proposiciones no de Ley.,"Proposición no de Ley del Grupo Parlamentario Popular en el Congreso, relativa a la conmemoración del Día Internacional de las Personas con Discapacidad.
Se vota en los términos de la enmienda transaccional presentada por todos los Grupos Parlamentarios.","Fernández Díaz, Jorge",GP,No vota,332,0,1,17,https://www.congreso.es/es/busqueda-de-iniciativas?p_p_id=iniciativas&p_p_lifecycle=0&p_p_state=normal&p_p_mode=view&_iniciativas_mode=mostrarDetalle&_iniciativas_legislatura=XII&_iniciativas_id=162/000199
29/11/2016,Proposiciones no de Ley.,"Proposición no de Ley del Grupo Parlamentario Popular en el Congreso, relativa a la conmemoración del Día Internacional de las Personas con Discapacidad.
Se vota en los términos de la enmienda transaccional presentada por todos los Grupos Parlamentarios.","Ballester Muñoz, Àngela",GCUP-EC-EM,No vota,332,0,1,17,https://www.congreso.es/es/busqueda-de-iniciativas?p_p_id=iniciativas&p_p_lifecycle=0&p_p_state=normal&p_p_mode=view&_iniciativas_mode=mostrarDetalle&_iniciativas_legislatura=XII&_iniciativas_id=162/000199
29/11/2016,Proposiciones no de Ley.,"Proposición no de Ley del Grupo Parlamentario Popular en el Congreso, relativa a la conmemoración del Día Internacional de las Personas con Discapacidad.
Se vota en los términos de la enmienda transaccional presentada por todos los Grupos Parlamentarios.","Bustamante Martín, Miguel Ángel",GCUP-EC-EM,No vota,332,0,1,17,https://www.congreso.es/es/busqueda-de-iniciativas?p_p_id=iniciativas&p_p_lifecycle=0&p_p_state=normal&p_p_mode=view&_iniciativas_mode=mostrarDetalle&_iniciativas_legislatura=XII&_iniciativas_id=162/000199
29/11/2016,Proposiciones no de Ley.,"Proposición no de Ley del Grupo Parlamentario Popular en el Congreso, relativa a la conmemoración del Día Internacional de las Personas con Discapacidad.
Se vota en los términos de la enmienda transaccional presentada por todos los Grupos Parlamentarios.","Cañamero Valle, Diego",GCUP-EC-EM,No vota,332,0,1,17,https://www.congreso.es/es/busqueda-de-iniciativas?p_p_id=iniciativas&p_p_lifecycle=0&p_p_state=normal&p_p_mode=view&_iniciativas_mode=mostrarDetalle&_iniciativas_legislatura=XII&_iniciativas_id=162/000199
29/11/2016,Proposiciones no de Ley.,"Proposición no de Ley del Grupo Parlamentario Popular en el Congreso, relativa a la conmemoración del Día Internacional de las Personas con Discapacidad.
Se vota en los términos de la enmienda transaccional presentada por todos los Grupos Parlamentarios.","Bustinduy Amador, Pablo",GCUP-EC-EM,No vota,332,0,1,17,https://www.congreso.es/es/busqueda-de-iniciativas?p_p_id=iniciativas&p_p_lifecycle=0&p_p_state=normal&p_p_mode=view&_iniciativas_mode=mostrarDetalle&_iniciativas_legislatura=XII&_iniciativas_id=162/000199
29/11/2016,Proposiciones no de Ley.,"Proposición no de Ley del Grupo Parlamentario Popular en el Congreso, relativa a la conmemoración del Día Internacional de las Personas con Discapacidad.
Se vota en los términos de la enmienda transaccional presentada por todos los Grupos Parlamentarios.","Guijarro García, Txema",GCUP-EC-EM,No vota,332,0,1,17,https://www.congreso.es/es/busqueda-de-iniciativas?p_p_id=iniciativas&p_p_lifecycle=0&p_p_state=normal&p_p_mode=view&_iniciativas_mode=mostrarDetalle&_iniciativas_legislatura=XII&_iniciativas_id=162/000199
29/11/2016,Proposiciones no de Ley.,"Proposición no de Ley del Grupo Parlamentario Popular en el Congreso, relativa a la conmemoración del Día Internacional de las Personas con Discapacidad.
Se vota en los términos de la enmienda transaccional presentada por todos los Grupos Parlamentarios.","Tardà i Coma, Joan",GER,No vota,332,0,1,17,https://www.congreso.es/es/busqueda-de-iniciativas?p_p_id=iniciativas&p_p_lifecycle=0&p_p_state=normal&p_p_mode=view&_iniciativas_mode=mostrarDetalle&_iniciativas_legislatura=XII&_iniciativas_id=162/000199
29/11/2016,Proposiciones no de Ley.,"Proposición no de Ley del Grupo Parlamentario Popular en el Congreso, relativa a la conmemoración del Día Internacional de las Personas con Discapacidad.
Se vota en los términos de la enmienda transaccional presentada por todos los Grupos Parlamentarios.","Salvador i Duch, Jordi",GER,No vota,332,0,1,17,https://www.congreso.es/es/busqueda-de-iniciativas?p_p_id=iniciativas&p_p_lifecycle=0&p_p_state=normal&p_p_mode=view&_iniciativas_mode=mostrarDetalle&_iniciativas_legislatura=XII&_iniciativas_id=162/000199
29/11/2016,Proposiciones no de Ley.,"Proposición no de Ley del Grupo Parlamentario Popular en el Congreso, relativa a la conmemoración del Día Internacional de las Personas con Discapacidad.
Se vota en los términos de la enmienda transaccional presentada por todos los Grupos Parlamentarios.","Beitialarrangoitia Lizarralde, Marian",GMx,No vota,332,0,1,17,https://www.congreso.es/es/busqueda-de-iniciativas?p_p_id=iniciativas&p_p_lifecycle=0&p_p_state=normal&p_p_mode=view&_iniciativas_mode=mostrarDetalle&_iniciativas_legislatura=XII&_iniciativas_id=162/000199
29/11/2016,Proposiciones no de Ley.,"Proposición no de Ley del Grupo Parlamentario Popular en el Congreso, relativa a la conmemoración del Día Internacional de las Personas con Discapacidad.
Se vota en los términos de la enmienda transaccional presentada por todos los Grupos Parlamentarios.","Gómez-Reino Varela, Antonio",GCUP-EC-EM,No vota,332,0,1,17,https://www.congreso.es/es/busqueda-de-iniciativas?p_p_id=iniciativas&p_p_lifecycle=0&p_p_state=normal&p_p_mode=view&_iniciativas_mode=mostrarDetalle&_iniciativas_legislatura=XII&_iniciativas_id=162/000199
29/11/2016,Proposiciones no de Ley.,"Proposición no de Ley del Grupo Parlamentario Popular en el Congreso, relativa a la conmemoración del Día Internacional de las Personas con Discapacidad.
Se vota en los términos de la enmienda transaccional presentada por todos los Grupos Parlamentarios.","Postius Terrado, Antoni",GMx,No vota,332,0,1,17,https://www.congreso.es/es/busqueda-de-iniciativas?p_p_id=iniciativas&p_p_lifecycle=0&p_p_state=normal&p_p_mode=view&_iniciativas_mode=mostrarDetalle&_iniciativas_legislatura=XII&_iniciativas_id=162/000199
29/11/2016,Proposiciones no de Ley.,"Proposición no de Ley del Grupo Parlamentario Popular en el Congreso, relativa a la conmemoración del Día Internacional de las Personas con Discapacidad.
Se vota en los términos de la enmienda transaccional presentada por todos los Grupos Parlamentarios.","Salvador Armendáriz, Carlos Casimiro",GMx,No vota,332,0,1,17,https://www.congreso.es/es/busqueda-de-iniciativas?p_p_id=iniciativas&p_p_lifecycle=0&p_p_state=normal&p_p_mode=view&_iniciativas_mode=mostrarDetalle&_iniciativas_legislatura=XII&_iniciativas_id=162/000199
29/11/2016,Proposiciones no de Ley.,"Proposición no de Ley del Grupo Parlamentario Popular en el Congreso, relativa a la conmemoración del Día Internacional de las Personas con Discapacidad.
Se vota en los términos de la enmienda transaccional presentada por todos los Grupos Parlamentarios.","Lassalle Ruiz, José María",GP,No vota,332,0,1,17,https://www.congreso.es/es/busqueda-de-iniciativas?p_p_id=iniciativas&p_p_lifecycle=0&p_p_state=normal&p_p_mode=view&_iniciativas_mode=mostrarDetalle&_iniciativas_legislatura=XII&_iniciativas_id=162/000199
