date,title,motion_text,deputy,party,vote,afavor,enContra,abstenciones,noVotan,initiative_url
24/11/2022,Presupuestos Generales del Estado,Sección 24 (Ministerio de Cultura y Deporte)  null,"Meijón Couselo, Guillermo Antonio",GS,No,37,253,3,56,https://www.congreso.es/es/busqueda-de-iniciativas?p_p_id=iniciativas&p_p_lifecycle=0&p_p_state=normal&p_p_mode=view&_iniciativas_mode=mostrarDetalle&_iniciativas_legislatura=XIV&_iniciativas_id=121/000125
24/11/2022,Presupuestos Generales del Estado,Sección 24 (Ministerio de Cultura y Deporte)  null,"Sahuquillo García, Luis Carlos",GS,No,37,253,3,56,https://www.congreso.es/es/busqueda-de-iniciativas?p_p_id=iniciativas&p_p_lifecycle=0&p_p_state=normal&p_p_mode=view&_iniciativas_mode=mostrarDetalle&_iniciativas_legislatura=XIV&_iniciativas_id=121/000125
24/11/2022,Presupuestos Generales del Estado,Sección 24 (Ministerio de Cultura y Deporte)  null,"Canales Duque, Mariana de Gracia",GS,No,37,253,3,56,https://www.congreso.es/es/busqueda-de-iniciativas?p_p_id=iniciativas&p_p_lifecycle=0&p_p_state=normal&p_p_mode=view&_iniciativas_mode=mostrarDetalle&_iniciativas_legislatura=XIV&_iniciativas_id=121/000125
24/11/2022,Presupuestos Generales del Estado,Sección 24 (Ministerio de Cultura y Deporte)  null,"Fagúndez Campo, Antidio",GS,No,37,253,3,56,https://www.congreso.es/es/busqueda-de-iniciativas?p_p_id=iniciativas&p_p_lifecycle=0&p_p_state=normal&p_p_mode=view&_iniciativas_mode=mostrarDetalle&_iniciativas_legislatura=XIV&_iniciativas_id=121/000125
24/11/2022,Presupuestos Generales del Estado,Sección 24 (Ministerio de Cultura y Deporte)  null,"Rodríguez Salas, José Antonio",GS,No,37,253,3,56,https://www.congreso.es/es/busqueda-de-iniciativas?p_p_id=iniciativas&p_p_lifecycle=0&p_p_state=normal&p_p_mode=view&_iniciativas_mode=mostrarDetalle&_iniciativas_legislatura=XIV&_iniciativas_id=121/000125
24/11/2022,Presupuestos Generales del Estado,Sección 24 (Ministerio de Cultura y Deporte)  null,"Riolobos Regadera, Carmen",GP,No,37,253,3,56,https://www.congreso.es/es/busqueda-de-iniciativas?p_p_id=iniciativas&p_p_lifecycle=0&p_p_state=normal&p_p_mode=view&_iniciativas_mode=mostrarDetalle&_iniciativas_legislatura=XIV&_iniciativas_id=121/000125
24/11/2022,Presupuestos Generales del Estado,Sección 24 (Ministerio de Cultura y Deporte)  null,"Ramón Utrabo, Elvira",GS,No,37,253,3,56,https://www.congreso.es/es/busqueda-de-iniciativas?p_p_id=iniciativas&p_p_lifecycle=0&p_p_state=normal&p_p_mode=view&_iniciativas_mode=mostrarDetalle&_iniciativas_legislatura=XIV&_iniciativas_id=121/000125
24/11/2022,Presupuestos Generales del Estado,Sección 24 (Ministerio de Cultura y Deporte)  null,"Píriz Maya, Víctor Valentín",GP,No,37,253,3,56,https://www.congreso.es/es/busqueda-de-iniciativas?p_p_id=iniciativas&p_p_lifecycle=0&p_p_state=normal&p_p_mode=view&_iniciativas_mode=mostrarDetalle&_iniciativas_legislatura=XIV&_iniciativas_id=121/000125
24/11/2022,Presupuestos Generales del Estado,Sección 24 (Ministerio de Cultura y Deporte)  null,"Velasco Morillo, Elvira",GP,No,37,253,3,56,https://www.congreso.es/es/busqueda-de-iniciativas?p_p_id=iniciativas&p_p_lifecycle=0&p_p_state=normal&p_p_mode=view&_iniciativas_mode=mostrarDetalle&_iniciativas_legislatura=XIV&_iniciativas_id=121/000125
24/11/2022,Presupuestos Generales del Estado,Sección 24 (Ministerio de Cultura y Deporte)  null,"García Díez, Joaquín María",GP,No,37,253,3,56,https://www.congreso.es/es/busqueda-de-iniciativas?p_p_id=iniciativas&p_p_lifecycle=0&p_p_state=normal&p_p_mode=view&_iniciativas_mode=mostrarDetalle&_iniciativas_legislatura=XIV&_iniciativas_id=121/000125
24/11/2022,Presupuestos Generales del Estado,Sección 24 (Ministerio de Cultura y Deporte)  null,"Garzón Espinosa, Alberto",GCUP-EC-GC,No,37,253,3,56,https://www.congreso.es/es/busqueda-de-iniciativas?p_p_id=iniciativas&p_p_lifecycle=0&p_p_state=normal&p_p_mode=view&_iniciativas_mode=mostrarDetalle&_iniciativas_legislatura=XIV&_iniciativas_id=121/000125
24/11/2022,Presupuestos Generales del Estado,Sección 24 (Ministerio de Cultura y Deporte)  null,"Echenique Robba, Pablo",GCUP-EC-GC,No,37,253,3,56,https://www.congreso.es/es/busqueda-de-iniciativas?p_p_id=iniciativas&p_p_lifecycle=0&p_p_state=normal&p_p_mode=view&_iniciativas_mode=mostrarDetalle&_iniciativas_legislatura=XIV&_iniciativas_id=121/000125
24/11/2022,Presupuestos Generales del Estado,Sección 24 (Ministerio de Cultura y Deporte)  null,"Sancho Íñiguez, Herminio Rufino",GS,No,37,253,3,56,https://www.congreso.es/es/busqueda-de-iniciativas?p_p_id=iniciativas&p_p_lifecycle=0&p_p_state=normal&p_p_mode=view&_iniciativas_mode=mostrarDetalle&_iniciativas_legislatura=XIV&_iniciativas_id=121/000125
24/11/2022,Presupuestos Generales del Estado,Sección 24 (Ministerio de Cultura y Deporte)  null,"Tirado Ochoa, Vicente",GP,No,37,253,3,56,https://www.congreso.es/es/busqueda-de-iniciativas?p_p_id=iniciativas&p_p_lifecycle=0&p_p_state=normal&p_p_mode=view&_iniciativas_mode=mostrarDetalle&_iniciativas_legislatura=XIV&_iniciativas_id=121/000125
24/11/2022,Presupuestos Generales del Estado,Sección 24 (Ministerio de Cultura y Deporte)  null,"Peña Camarero, Esther",GS,No,37,253,3,56,https://www.congreso.es/es/busqueda-de-iniciativas?p_p_id=iniciativas&p_p_lifecycle=0&p_p_state=normal&p_p_mode=view&_iniciativas_mode=mostrarDetalle&_iniciativas_legislatura=XIV&_iniciativas_id=121/000125
24/11/2022,Presupuestos Generales del Estado,Sección 24 (Ministerio de Cultura y Deporte)  null,"Zamarrón Moreno, Agustín",GS,No,37,253,3,56,https://www.congreso.es/es/busqueda-de-iniciativas?p_p_id=iniciativas&p_p_lifecycle=0&p_p_state=normal&p_p_mode=view&_iniciativas_mode=mostrarDetalle&_iniciativas_legislatura=XIV&_iniciativas_id=121/000125
24/11/2022,Presupuestos Generales del Estado,Sección 24 (Ministerio de Cultura y Deporte)  null,"Martínez Oblanca, Isidro Manuel",GMx,No,37,253,3,56,https://www.congreso.es/es/busqueda-de-iniciativas?p_p_id=iniciativas&p_p_lifecycle=0&p_p_state=normal&p_p_mode=view&_iniciativas_mode=mostrarDetalle&_iniciativas_legislatura=XIV&_iniciativas_id=121/000125
24/11/2022,Presupuestos Generales del Estado,Sección 24 (Ministerio de Cultura y Deporte)  null,"Cabezón Casas, Tomás",GP,No,37,253,3,56,https://www.congreso.es/es/busqueda-de-iniciativas?p_p_id=iniciativas&p_p_lifecycle=0&p_p_state=normal&p_p_mode=view&_iniciativas_mode=mostrarDetalle&_iniciativas_legislatura=XIV&_iniciativas_id=121/000125
24/11/2022,Presupuestos Generales del Estado,Sección 24 (Ministerio de Cultura y Deporte)  null,"Uriarte Bengoechea, Edurne",GP,No,37,253,3,56,https://www.congreso.es/es/busqueda-de-iniciativas?p_p_id=iniciativas&p_p_lifecycle=0&p_p_state=normal&p_p_mode=view&_iniciativas_mode=mostrarDetalle&_iniciativas_legislatura=XIV&_iniciativas_id=121/000125
24/11/2022,Presupuestos Generales del Estado,Sección 24 (Ministerio de Cultura y Deporte)  null,"Pastor Julián, Ana María",GP,No,37,253,3,56,https://www.congreso.es/es/busqueda-de-iniciativas?p_p_id=iniciativas&p_p_lifecycle=0&p_p_state=normal&p_p_mode=view&_iniciativas_mode=mostrarDetalle&_iniciativas_legislatura=XIV&_iniciativas_id=121/000125
24/11/2022,Presupuestos Generales del Estado,Sección 24 (Ministerio de Cultura y Deporte)  null,"Suárez Illana, Adolfo",GP,No,37,253,3,56,https://www.congreso.es/es/busqueda-de-iniciativas?p_p_id=iniciativas&p_p_lifecycle=0&p_p_state=normal&p_p_mode=view&_iniciativas_mode=mostrarDetalle&_iniciativas_legislatura=XIV&_iniciativas_id=121/000125
24/11/2022,Presupuestos Generales del Estado,Sección 24 (Ministerio de Cultura y Deporte)  null,"Callejas Cano, Juan Antonio",GP,No,37,253,3,56,https://www.congreso.es/es/busqueda-de-iniciativas?p_p_id=iniciativas&p_p_lifecycle=0&p_p_state=normal&p_p_mode=view&_iniciativas_mode=mostrarDetalle&_iniciativas_legislatura=XIV&_iniciativas_id=121/000125
24/11/2022,Presupuestos Generales del Estado,Sección 24 (Ministerio de Cultura y Deporte)  null,"Romero Sánchez, Rosa María",GP,No,37,253,3,56,https://www.congreso.es/es/busqueda-de-iniciativas?p_p_id=iniciativas&p_p_lifecycle=0&p_p_state=normal&p_p_mode=view&_iniciativas_mode=mostrarDetalle&_iniciativas_legislatura=XIV&_iniciativas_id=121/000125
24/11/2022,Presupuestos Generales del Estado,Sección 24 (Ministerio de Cultura y Deporte)  null,"Serrada Pariente, David",GS,No,37,253,3,56,https://www.congreso.es/es/busqueda-de-iniciativas?p_p_id=iniciativas&p_p_lifecycle=0&p_p_state=normal&p_p_mode=view&_iniciativas_mode=mostrarDetalle&_iniciativas_legislatura=XIV&_iniciativas_id=121/000125
24/11/2022,Presupuestos Generales del Estado,Sección 24 (Ministerio de Cultura y Deporte)  null,"Cantera de Castro, Zaida",GS,No,37,253,3,56,https://www.congreso.es/es/busqueda-de-iniciativas?p_p_id=iniciativas&p_p_lifecycle=0&p_p_state=normal&p_p_mode=view&_iniciativas_mode=mostrarDetalle&_iniciativas_legislatura=XIV&_iniciativas_id=121/000125
24/11/2022,Presupuestos Generales del Estado,Sección 24 (Ministerio de Cultura y Deporte)  null,"García López, Maribel",GS,No,37,253,3,56,https://www.congreso.es/es/busqueda-de-iniciativas?p_p_id=iniciativas&p_p_lifecycle=0&p_p_state=normal&p_p_mode=view&_iniciativas_mode=mostrarDetalle&_iniciativas_legislatura=XIV&_iniciativas_id=121/000125
24/11/2022,Presupuestos Generales del Estado,Sección 24 (Ministerio de Cultura y Deporte)  null,"Santiago Romero, Enrique Fernando",GCUP-EC-GC,No,37,253,3,56,https://www.congreso.es/es/busqueda-de-iniciativas?p_p_id=iniciativas&p_p_lifecycle=0&p_p_state=normal&p_p_mode=view&_iniciativas_mode=mostrarDetalle&_iniciativas_legislatura=XIV&_iniciativas_id=121/000125
24/11/2022,Presupuestos Generales del Estado,Sección 24 (Ministerio de Cultura y Deporte)  null,"Marra Domínguez, María Ángeles",GS,No,37,253,3,56,https://www.congreso.es/es/busqueda-de-iniciativas?p_p_id=iniciativas&p_p_lifecycle=0&p_p_state=normal&p_p_mode=view&_iniciativas_mode=mostrarDetalle&_iniciativas_legislatura=XIV&_iniciativas_id=121/000125
24/11/2022,Presupuestos Generales del Estado,Sección 24 (Ministerio de Cultura y Deporte)  null,"Cerqueiro González, Javier",GS,No,37,253,3,56,https://www.congreso.es/es/busqueda-de-iniciativas?p_p_id=iniciativas&p_p_lifecycle=0&p_p_state=normal&p_p_mode=view&_iniciativas_mode=mostrarDetalle&_iniciativas_legislatura=XIV&_iniciativas_id=121/000125
24/11/2022,Presupuestos Generales del Estado,Sección 24 (Ministerio de Cultura y Deporte)  null,"Matarí Sáez, Juan José",GP,No,37,253,3,56,https://www.congreso.es/es/busqueda-de-iniciativas?p_p_id=iniciativas&p_p_lifecycle=0&p_p_state=normal&p_p_mode=view&_iniciativas_mode=mostrarDetalle&_iniciativas_legislatura=XIV&_iniciativas_id=121/000125
24/11/2022,Presupuestos Generales del Estado,Sección 24 (Ministerio de Cultura y Deporte)  null,"Villagrasa Quero, Noemí",GS,No,37,253,3,56,https://www.congreso.es/es/busqueda-de-iniciativas?p_p_id=iniciativas&p_p_lifecycle=0&p_p_state=normal&p_p_mode=view&_iniciativas_mode=mostrarDetalle&_iniciativas_legislatura=XIV&_iniciativas_id=121/000125
24/11/2022,Presupuestos Generales del Estado,Sección 24 (Ministerio de Cultura y Deporte)  null,"García Rodríguez, Alicia",GP,No,37,253,3,56,https://www.congreso.es/es/busqueda-de-iniciativas?p_p_id=iniciativas&p_p_lifecycle=0&p_p_state=normal&p_p_mode=view&_iniciativas_mode=mostrarDetalle&_iniciativas_legislatura=XIV&_iniciativas_id=121/000125
24/11/2022,Presupuestos Generales del Estado,Sección 24 (Ministerio de Cultura y Deporte)  null,"Postigo Quintana, Jesús",GP,No,37,253,3,56,https://www.congreso.es/es/busqueda-de-iniciativas?p_p_id=iniciativas&p_p_lifecycle=0&p_p_state=normal&p_p_mode=view&_iniciativas_mode=mostrarDetalle&_iniciativas_legislatura=XIV&_iniciativas_id=121/000125
24/11/2022,Presupuestos Generales del Estado,Sección 24 (Ministerio de Cultura y Deporte)  null,"Renau Martínez, Germán",GS,No,37,253,3,56,https://www.congreso.es/es/busqueda-de-iniciativas?p_p_id=iniciativas&p_p_lifecycle=0&p_p_state=normal&p_p_mode=view&_iniciativas_mode=mostrarDetalle&_iniciativas_legislatura=XIV&_iniciativas_id=121/000125
24/11/2022,Presupuestos Generales del Estado,Sección 24 (Ministerio de Cultura y Deporte)  null,"Ros Martínez, Susana",GS,No,37,253,3,56,https://www.congreso.es/es/busqueda-de-iniciativas?p_p_id=iniciativas&p_p_lifecycle=0&p_p_state=normal&p_p_mode=view&_iniciativas_mode=mostrarDetalle&_iniciativas_legislatura=XIV&_iniciativas_id=121/000125
24/11/2022,Presupuestos Generales del Estado,Sección 24 (Ministerio de Cultura y Deporte)  null,"Sayas López, Sergio",GMx,No,37,253,3,56,https://www.congreso.es/es/busqueda-de-iniciativas?p_p_id=iniciativas&p_p_lifecycle=0&p_p_state=normal&p_p_mode=view&_iniciativas_mode=mostrarDetalle&_iniciativas_legislatura=XIV&_iniciativas_id=121/000125
24/11/2022,Presupuestos Generales del Estado,Sección 24 (Ministerio de Cultura y Deporte)  null,"Aceves Galindo, José Luis",GS,No,37,253,3,56,https://www.congreso.es/es/busqueda-de-iniciativas?p_p_id=iniciativas&p_p_lifecycle=0&p_p_state=normal&p_p_mode=view&_iniciativas_mode=mostrarDetalle&_iniciativas_legislatura=XIV&_iniciativas_id=121/000125
24/11/2022,Presupuestos Generales del Estado,Sección 24 (Ministerio de Cultura y Deporte)  null,"Moraleja Gómez, Tristana María",GP,No,37,253,3,56,https://www.congreso.es/es/busqueda-de-iniciativas?p_p_id=iniciativas&p_p_lifecycle=0&p_p_state=normal&p_p_mode=view&_iniciativas_mode=mostrarDetalle&_iniciativas_legislatura=XIV&_iniciativas_id=121/000125
24/11/2022,Presupuestos Generales del Estado,Sección 24 (Ministerio de Cultura y Deporte)  null,"Cambronero Piqueras, Pablo",GMx,No,37,253,3,56,https://www.congreso.es/es/busqueda-de-iniciativas?p_p_id=iniciativas&p_p_lifecycle=0&p_p_state=normal&p_p_mode=view&_iniciativas_mode=mostrarDetalle&_iniciativas_legislatura=XIV&_iniciativas_id=121/000125
24/11/2022,Presupuestos Generales del Estado,Sección 24 (Ministerio de Cultura y Deporte)  null,"Lima Cid, Fuensanta",GS,No,37,253,3,56,https://www.congreso.es/es/busqueda-de-iniciativas?p_p_id=iniciativas&p_p_lifecycle=0&p_p_state=normal&p_p_mode=view&_iniciativas_mode=mostrarDetalle&_iniciativas_legislatura=XIV&_iniciativas_id=121/000125
24/11/2022,Presupuestos Generales del Estado,Sección 24 (Ministerio de Cultura y Deporte)  null,"Martínez Granados, María Carmen",GCs,No,37,253,3,56,https://www.congreso.es/es/busqueda-de-iniciativas?p_p_id=iniciativas&p_p_lifecycle=0&p_p_state=normal&p_p_mode=view&_iniciativas_mode=mostrarDetalle&_iniciativas_legislatura=XIV&_iniciativas_id=121/000125
24/11/2022,Presupuestos Generales del Estado,Sección 24 (Ministerio de Cultura y Deporte)  null,"López Álvarez, Patxi",GS,No,37,253,3,56,https://www.congreso.es/es/busqueda-de-iniciativas?p_p_id=iniciativas&p_p_lifecycle=0&p_p_state=normal&p_p_mode=view&_iniciativas_mode=mostrarDetalle&_iniciativas_legislatura=XIV&_iniciativas_id=121/000125
24/11/2022,Presupuestos Generales del Estado,Sección 24 (Ministerio de Cultura y Deporte)  null,"Andrés Barea, Josefa",GS,No,37,253,3,56,https://www.congreso.es/es/busqueda-de-iniciativas?p_p_id=iniciativas&p_p_lifecycle=0&p_p_state=normal&p_p_mode=view&_iniciativas_mode=mostrarDetalle&_iniciativas_legislatura=XIV&_iniciativas_id=121/000125
24/11/2022,Presupuestos Generales del Estado,Sección 24 (Ministerio de Cultura y Deporte)  null,"Sánchez Serna, Javier",GCUP-EC-GC,No,37,253,3,56,https://www.congreso.es/es/busqueda-de-iniciativas?p_p_id=iniciativas&p_p_lifecycle=0&p_p_state=normal&p_p_mode=view&_iniciativas_mode=mostrarDetalle&_iniciativas_legislatura=XIV&_iniciativas_id=121/000125
24/11/2022,Presupuestos Generales del Estado,Sección 24 (Ministerio de Cultura y Deporte)  null,"Honrubia Hurtado, Pedro Antonio",GCUP-EC-GC,No,37,253,3,56,https://www.congreso.es/es/busqueda-de-iniciativas?p_p_id=iniciativas&p_p_lifecycle=0&p_p_state=normal&p_p_mode=view&_iniciativas_mode=mostrarDetalle&_iniciativas_legislatura=XIV&_iniciativas_id=121/000125
24/11/2022,Presupuestos Generales del Estado,Sección 24 (Ministerio de Cultura y Deporte)  null,"Berja Vega, Laura",GS,No,37,253,3,56,https://www.congreso.es/es/busqueda-de-iniciativas?p_p_id=iniciativas&p_p_lifecycle=0&p_p_state=normal&p_p_mode=view&_iniciativas_mode=mostrarDetalle&_iniciativas_legislatura=XIV&_iniciativas_id=121/000125
24/11/2022,Presupuestos Generales del Estado,Sección 24 (Ministerio de Cultura y Deporte)  null,"Blanquer Alcaraz, Patricia",GS,No,37,253,3,56,https://www.congreso.es/es/busqueda-de-iniciativas?p_p_id=iniciativas&p_p_lifecycle=0&p_p_state=normal&p_p_mode=view&_iniciativas_mode=mostrarDetalle&_iniciativas_legislatura=XIV&_iniciativas_id=121/000125
24/11/2022,Presupuestos Generales del Estado,Sección 24 (Ministerio de Cultura y Deporte)  null,"Alonso Suárez, María Olga",GS,No,37,253,3,56,https://www.congreso.es/es/busqueda-de-iniciativas?p_p_id=iniciativas&p_p_lifecycle=0&p_p_state=normal&p_p_mode=view&_iniciativas_mode=mostrarDetalle&_iniciativas_legislatura=XIV&_iniciativas_id=121/000125
24/11/2022,Presupuestos Generales del Estado,Sección 24 (Ministerio de Cultura y Deporte)  null,"Marí Klose, Pau",GS,No,37,253,3,56,https://www.congreso.es/es/busqueda-de-iniciativas?p_p_id=iniciativas&p_p_lifecycle=0&p_p_state=normal&p_p_mode=view&_iniciativas_mode=mostrarDetalle&_iniciativas_legislatura=XIV&_iniciativas_id=121/000125
24/11/2022,Presupuestos Generales del Estado,Sección 24 (Ministerio de Cultura y Deporte)  null,"Castellón Rubio, Miguel Ángel",GP,No,37,253,3,56,https://www.congreso.es/es/busqueda-de-iniciativas?p_p_id=iniciativas&p_p_lifecycle=0&p_p_state=normal&p_p_mode=view&_iniciativas_mode=mostrarDetalle&_iniciativas_legislatura=XIV&_iniciativas_id=121/000125
24/11/2022,Presupuestos Generales del Estado,Sección 24 (Ministerio de Cultura y Deporte)  null,"Castillo López, Elena",GP,No,37,253,3,56,https://www.congreso.es/es/busqueda-de-iniciativas?p_p_id=iniciativas&p_p_lifecycle=0&p_p_state=normal&p_p_mode=view&_iniciativas_mode=mostrarDetalle&_iniciativas_legislatura=XIV&_iniciativas_id=121/000125
24/11/2022,Presupuestos Generales del Estado,Sección 24 (Ministerio de Cultura y Deporte)  null,"Movellán Lombilla, Diego",GP,No,37,253,3,56,https://www.congreso.es/es/busqueda-de-iniciativas?p_p_id=iniciativas&p_p_lifecycle=0&p_p_state=normal&p_p_mode=view&_iniciativas_mode=mostrarDetalle&_iniciativas_legislatura=XIV&_iniciativas_id=121/000125
24/11/2022,Presupuestos Generales del Estado,Sección 24 (Ministerio de Cultura y Deporte)  null,"Requena Ruiz, Juan Diego",GP,No,37,253,3,56,https://www.congreso.es/es/busqueda-de-iniciativas?p_p_id=iniciativas&p_p_lifecycle=0&p_p_state=normal&p_p_mode=view&_iniciativas_mode=mostrarDetalle&_iniciativas_legislatura=XIV&_iniciativas_id=121/000125
24/11/2022,Presupuestos Generales del Estado,Sección 24 (Ministerio de Cultura y Deporte)  null,"Vicente Viondi, Daniel",GS,No,37,253,3,56,https://www.congreso.es/es/busqueda-de-iniciativas?p_p_id=iniciativas&p_p_lifecycle=0&p_p_state=normal&p_p_mode=view&_iniciativas_mode=mostrarDetalle&_iniciativas_legislatura=XIV&_iniciativas_id=121/000125
24/11/2022,Presupuestos Generales del Estado,Sección 24 (Ministerio de Cultura y Deporte)  null,"Prieto Nieto, Ana",GS,No,37,253,3,56,https://www.congreso.es/es/busqueda-de-iniciativas?p_p_id=iniciativas&p_p_lifecycle=0&p_p_state=normal&p_p_mode=view&_iniciativas_mode=mostrarDetalle&_iniciativas_legislatura=XIV&_iniciativas_id=121/000125
24/11/2022,Presupuestos Generales del Estado,Sección 24 (Ministerio de Cultura y Deporte)  null,"Navarro Lacoba, Carmen",GP,No,37,253,3,56,https://www.congreso.es/es/busqueda-de-iniciativas?p_p_id=iniciativas&p_p_lifecycle=0&p_p_state=normal&p_p_mode=view&_iniciativas_mode=mostrarDetalle&_iniciativas_legislatura=XIV&_iniciativas_id=121/000125
24/11/2022,Presupuestos Generales del Estado,Sección 24 (Ministerio de Cultura y Deporte)  null,"Echániz Salgado, José Ignacio",GP,No,37,253,3,56,https://www.congreso.es/es/busqueda-de-iniciativas?p_p_id=iniciativas&p_p_lifecycle=0&p_p_state=normal&p_p_mode=view&_iniciativas_mode=mostrarDetalle&_iniciativas_legislatura=XIV&_iniciativas_id=121/000125
24/11/2022,Presupuestos Generales del Estado,Sección 24 (Ministerio de Cultura y Deporte)  null,"Sarrià Morell, Vicent Manuel",GS,No,37,253,3,56,https://www.congreso.es/es/busqueda-de-iniciativas?p_p_id=iniciativas&p_p_lifecycle=0&p_p_state=normal&p_p_mode=view&_iniciativas_mode=mostrarDetalle&_iniciativas_legislatura=XIV&_iniciativas_id=121/000125
24/11/2022,Presupuestos Generales del Estado,Sección 24 (Ministerio de Cultura y Deporte)  null,"Moro Almaraz, María Jesús",GP,No,37,253,3,56,https://www.congreso.es/es/busqueda-de-iniciativas?p_p_id=iniciativas&p_p_lifecycle=0&p_p_state=normal&p_p_mode=view&_iniciativas_mode=mostrarDetalle&_iniciativas_legislatura=XIV&_iniciativas_id=121/000125
24/11/2022,Presupuestos Generales del Estado,Sección 24 (Ministerio de Cultura y Deporte)  null,"Marcos Ortega, Milagros",GP,No,37,253,3,56,https://www.congreso.es/es/busqueda-de-iniciativas?p_p_id=iniciativas&p_p_lifecycle=0&p_p_state=normal&p_p_mode=view&_iniciativas_mode=mostrarDetalle&_iniciativas_legislatura=XIV&_iniciativas_id=121/000125
24/11/2022,Presupuestos Generales del Estado,Sección 24 (Ministerio de Cultura y Deporte)  null,"Antón Cacho, Javier",GS,No,37,253,3,56,https://www.congreso.es/es/busqueda-de-iniciativas?p_p_id=iniciativas&p_p_lifecycle=0&p_p_state=normal&p_p_mode=view&_iniciativas_mode=mostrarDetalle&_iniciativas_legislatura=XIV&_iniciativas_id=121/000125
24/11/2022,Presupuestos Generales del Estado,Sección 24 (Ministerio de Cultura y Deporte)  null,"Álvarez Fanjul, Beatriz",GP,No,37,253,3,56,https://www.congreso.es/es/busqueda-de-iniciativas?p_p_id=iniciativas&p_p_lifecycle=0&p_p_state=normal&p_p_mode=view&_iniciativas_mode=mostrarDetalle&_iniciativas_legislatura=XIV&_iniciativas_id=121/000125
24/11/2022,Presupuestos Generales del Estado,Sección 24 (Ministerio de Cultura y Deporte)  null,"Fernández Benéitez, Andrea",GS,No,37,253,3,56,https://www.congreso.es/es/busqueda-de-iniciativas?p_p_id=iniciativas&p_p_lifecycle=0&p_p_state=normal&p_p_mode=view&_iniciativas_mode=mostrarDetalle&_iniciativas_legislatura=XIV&_iniciativas_id=121/000125
24/11/2022,Presupuestos Generales del Estado,Sección 24 (Ministerio de Cultura y Deporte)  null,"Alfonso Cendón, Javier",GS,No,37,253,3,56,https://www.congreso.es/es/busqueda-de-iniciativas?p_p_id=iniciativas&p_p_lifecycle=0&p_p_state=normal&p_p_mode=view&_iniciativas_mode=mostrarDetalle&_iniciativas_legislatura=XIV&_iniciativas_id=121/000125
24/11/2022,Presupuestos Generales del Estado,Sección 24 (Ministerio de Cultura y Deporte)  null,"Gómez Hernández, Héctor",GS,No,37,253,3,56,https://www.congreso.es/es/busqueda-de-iniciativas?p_p_id=iniciativas&p_p_lifecycle=0&p_p_state=normal&p_p_mode=view&_iniciativas_mode=mostrarDetalle&_iniciativas_legislatura=XIV&_iniciativas_id=121/000125
24/11/2022,Presupuestos Generales del Estado,Sección 24 (Ministerio de Cultura y Deporte)  null,"Lorite Lorite, Andrés",GP,No,37,253,3,56,https://www.congreso.es/es/busqueda-de-iniciativas?p_p_id=iniciativas&p_p_lifecycle=0&p_p_state=normal&p_p_mode=view&_iniciativas_mode=mostrarDetalle&_iniciativas_legislatura=XIV&_iniciativas_id=121/000125
24/11/2022,Presupuestos Generales del Estado,Sección 24 (Ministerio de Cultura y Deporte)  null,"Redondo Calvillo, María de la O",GP,No,37,253,3,56,https://www.congreso.es/es/busqueda-de-iniciativas?p_p_id=iniciativas&p_p_lifecycle=0&p_p_state=normal&p_p_mode=view&_iniciativas_mode=mostrarDetalle&_iniciativas_legislatura=XIV&_iniciativas_id=121/000125
24/11/2022,Presupuestos Generales del Estado,Sección 24 (Ministerio de Cultura y Deporte)  null,"Crespín Rubio, Rafaela",GS,No,37,253,3,56,https://www.congreso.es/es/busqueda-de-iniciativas?p_p_id=iniciativas&p_p_lifecycle=0&p_p_state=normal&p_p_mode=view&_iniciativas_mode=mostrarDetalle&_iniciativas_legislatura=XIV&_iniciativas_id=121/000125
24/11/2022,Presupuestos Generales del Estado,Sección 24 (Ministerio de Cultura y Deporte)  null,"Clavell López, Óscar",GP,No,37,253,3,56,https://www.congreso.es/es/busqueda-de-iniciativas?p_p_id=iniciativas&p_p_lifecycle=0&p_p_state=normal&p_p_mode=view&_iniciativas_mode=mostrarDetalle&_iniciativas_legislatura=XIV&_iniciativas_id=121/000125
24/11/2022,Presupuestos Generales del Estado,Sección 24 (Ministerio de Cultura y Deporte)  null,"Lastra Fernández, Adriana",GS,No,37,253,3,56,https://www.congreso.es/es/busqueda-de-iniciativas?p_p_id=iniciativas&p_p_lifecycle=0&p_p_state=normal&p_p_mode=view&_iniciativas_mode=mostrarDetalle&_iniciativas_legislatura=XIV&_iniciativas_id=121/000125
24/11/2022,Presupuestos Generales del Estado,Sección 24 (Ministerio de Cultura y Deporte)  null,"Ledesma Martín, Sebastián Jesús",GP,No,37,253,3,56,https://www.congreso.es/es/busqueda-de-iniciativas?p_p_id=iniciativas&p_p_lifecycle=0&p_p_state=normal&p_p_mode=view&_iniciativas_mode=mostrarDetalle&_iniciativas_legislatura=XIV&_iniciativas_id=121/000125
24/11/2022,Presupuestos Generales del Estado,Sección 24 (Ministerio de Cultura y Deporte)  null,"Zurita Expósito, Ana María",GP,No,37,253,3,56,https://www.congreso.es/es/busqueda-de-iniciativas?p_p_id=iniciativas&p_p_lifecycle=0&p_p_state=normal&p_p_mode=view&_iniciativas_mode=mostrarDetalle&_iniciativas_legislatura=XIV&_iniciativas_id=121/000125
24/11/2022,Presupuestos Generales del Estado,Sección 24 (Ministerio de Cultura y Deporte)  null,"Raya Rodríguez, María Tamara",GS,No,37,253,3,56,https://www.congreso.es/es/busqueda-de-iniciativas?p_p_id=iniciativas&p_p_lifecycle=0&p_p_state=normal&p_p_mode=view&_iniciativas_mode=mostrarDetalle&_iniciativas_legislatura=XIV&_iniciativas_id=121/000125
24/11/2022,Presupuestos Generales del Estado,Sección 24 (Ministerio de Cultura y Deporte)  null,"Angulo Romero, María Teresa",GP,No,37,253,3,56,https://www.congreso.es/es/busqueda-de-iniciativas?p_p_id=iniciativas&p_p_lifecycle=0&p_p_state=normal&p_p_mode=view&_iniciativas_mode=mostrarDetalle&_iniciativas_legislatura=XIV&_iniciativas_id=121/000125
24/11/2022,Presupuestos Generales del Estado,Sección 24 (Ministerio de Cultura y Deporte)  null,"Ferrer Tesoro, Sonia",GS,No,37,253,3,56,https://www.congreso.es/es/busqueda-de-iniciativas?p_p_id=iniciativas&p_p_lifecycle=0&p_p_state=normal&p_p_mode=view&_iniciativas_mode=mostrarDetalle&_iniciativas_legislatura=XIV&_iniciativas_id=121/000125
24/11/2022,Presupuestos Generales del Estado,Sección 24 (Ministerio de Cultura y Deporte)  null,"Vázquez Blanco, Ana Belén",GP,No,37,253,3,56,https://www.congreso.es/es/busqueda-de-iniciativas?p_p_id=iniciativas&p_p_lifecycle=0&p_p_state=normal&p_p_mode=view&_iniciativas_mode=mostrarDetalle&_iniciativas_legislatura=XIV&_iniciativas_id=121/000125
24/11/2022,Presupuestos Generales del Estado,Sección 24 (Ministerio de Cultura y Deporte)  null,"Delgado Arce, Celso Luis",GP,No,37,253,3,56,https://www.congreso.es/es/busqueda-de-iniciativas?p_p_id=iniciativas&p_p_lifecycle=0&p_p_state=normal&p_p_mode=view&_iniciativas_mode=mostrarDetalle&_iniciativas_legislatura=XIV&_iniciativas_id=121/000125
24/11/2022,Presupuestos Generales del Estado,Sección 24 (Ministerio de Cultura y Deporte)  null,"Bas Corugeira, Javier",GP,No,37,253,3,56,https://www.congreso.es/es/busqueda-de-iniciativas?p_p_id=iniciativas&p_p_lifecycle=0&p_p_state=normal&p_p_mode=view&_iniciativas_mode=mostrarDetalle&_iniciativas_legislatura=XIV&_iniciativas_id=121/000125
24/11/2022,Presupuestos Generales del Estado,Sección 24 (Ministerio de Cultura y Deporte)  null,"Gago Bugarín, Diego",GP,No,37,253,3,56,https://www.congreso.es/es/busqueda-de-iniciativas?p_p_id=iniciativas&p_p_lifecycle=0&p_p_state=normal&p_p_mode=view&_iniciativas_mode=mostrarDetalle&_iniciativas_legislatura=XIV&_iniciativas_id=121/000125
24/11/2022,Presupuestos Generales del Estado,Sección 24 (Ministerio de Cultura y Deporte)  null,"Díaz Gómez, Guillermo",GCs,No,37,253,3,56,https://www.congreso.es/es/busqueda-de-iniciativas?p_p_id=iniciativas&p_p_lifecycle=0&p_p_state=normal&p_p_mode=view&_iniciativas_mode=mostrarDetalle&_iniciativas_legislatura=XIV&_iniciativas_id=121/000125
24/11/2022,Presupuestos Generales del Estado,Sección 24 (Ministerio de Cultura y Deporte)  null,"Rodríguez Herrer, María Elvira",GP,No,37,253,3,56,https://www.congreso.es/es/busqueda-de-iniciativas?p_p_id=iniciativas&p_p_lifecycle=0&p_p_state=normal&p_p_mode=view&_iniciativas_mode=mostrarDetalle&_iniciativas_legislatura=XIV&_iniciativas_id=121/000125
24/11/2022,Presupuestos Generales del Estado,Sección 24 (Ministerio de Cultura y Deporte)  null,"Jerez Juan, Miguel Ángel",GP,No,37,253,3,56,https://www.congreso.es/es/busqueda-de-iniciativas?p_p_id=iniciativas&p_p_lifecycle=0&p_p_state=normal&p_p_mode=view&_iniciativas_mode=mostrarDetalle&_iniciativas_legislatura=XIV&_iniciativas_id=121/000125
24/11/2022,Presupuestos Generales del Estado,Sección 24 (Ministerio de Cultura y Deporte)  null,"Sumelzo Jordán, Susana",GS,No,37,253,3,56,https://www.congreso.es/es/busqueda-de-iniciativas?p_p_id=iniciativas&p_p_lifecycle=0&p_p_state=normal&p_p_mode=view&_iniciativas_mode=mostrarDetalle&_iniciativas_legislatura=XIV&_iniciativas_id=121/000125
24/11/2022,Presupuestos Generales del Estado,Sección 24 (Ministerio de Cultura y Deporte)  null,"García Adanero, Carlos",GMx,No,37,253,3,56,https://www.congreso.es/es/busqueda-de-iniciativas?p_p_id=iniciativas&p_p_lifecycle=0&p_p_state=normal&p_p_mode=view&_iniciativas_mode=mostrarDetalle&_iniciativas_legislatura=XIV&_iniciativas_id=121/000125
24/11/2022,Presupuestos Generales del Estado,Sección 24 (Ministerio de Cultura y Deporte)  null,"Borrego Cortés, Isabel María",GP,No,37,253,3,56,https://www.congreso.es/es/busqueda-de-iniciativas?p_p_id=iniciativas&p_p_lifecycle=0&p_p_state=normal&p_p_mode=view&_iniciativas_mode=mostrarDetalle&_iniciativas_legislatura=XIV&_iniciativas_id=121/000125
24/11/2022,Presupuestos Generales del Estado,Sección 24 (Ministerio de Cultura y Deporte)  null,"Pedreño Molina, Juan Luis",GP,No,37,253,3,56,https://www.congreso.es/es/busqueda-de-iniciativas?p_p_id=iniciativas&p_p_lifecycle=0&p_p_state=normal&p_p_mode=view&_iniciativas_mode=mostrarDetalle&_iniciativas_legislatura=XIV&_iniciativas_id=121/000125
24/11/2022,Presupuestos Generales del Estado,Sección 24 (Ministerio de Cultura y Deporte)  null,"Mateu Istúriz, Jaime Miguel",GP,No,37,253,3,56,https://www.congreso.es/es/busqueda-de-iniciativas?p_p_id=iniciativas&p_p_lifecycle=0&p_p_state=normal&p_p_mode=view&_iniciativas_mode=mostrarDetalle&_iniciativas_legislatura=XIV&_iniciativas_id=121/000125
24/11/2022,Presupuestos Generales del Estado,Sección 24 (Ministerio de Cultura y Deporte)  null,"Ortiz Galván, José",GP,No,37,253,3,56,https://www.congreso.es/es/busqueda-de-iniciativas?p_p_id=iniciativas&p_p_lifecycle=0&p_p_state=normal&p_p_mode=view&_iniciativas_mode=mostrarDetalle&_iniciativas_legislatura=XIV&_iniciativas_id=121/000125
24/11/2022,Presupuestos Generales del Estado,Sección 24 (Ministerio de Cultura y Deporte)  null,"Guijarro Ceballos, María",GS,No,37,253,3,56,https://www.congreso.es/es/busqueda-de-iniciativas?p_p_id=iniciativas&p_p_lifecycle=0&p_p_state=normal&p_p_mode=view&_iniciativas_mode=mostrarDetalle&_iniciativas_legislatura=XIV&_iniciativas_id=121/000125
24/11/2022,Presupuestos Generales del Estado,Sección 24 (Ministerio de Cultura y Deporte)  null,"Seva Ruiz, Yolanda",GS,No,37,253,3,56,https://www.congreso.es/es/busqueda-de-iniciativas?p_p_id=iniciativas&p_p_lifecycle=0&p_p_state=normal&p_p_mode=view&_iniciativas_mode=mostrarDetalle&_iniciativas_legislatura=XIV&_iniciativas_id=121/000125
24/11/2022,Presupuestos Generales del Estado,Sección 24 (Ministerio de Cultura y Deporte)  null,"Merino Martínez, Javier",GP,No,37,253,3,56,https://www.congreso.es/es/busqueda-de-iniciativas?p_p_id=iniciativas&p_p_lifecycle=0&p_p_state=normal&p_p_mode=view&_iniciativas_mode=mostrarDetalle&_iniciativas_legislatura=XIV&_iniciativas_id=121/000125
24/11/2022,Presupuestos Generales del Estado,Sección 24 (Ministerio de Cultura y Deporte)  null,"Belarra Urteaga, Ione",GCUP-EC-GC,No,37,253,3,56,https://www.congreso.es/es/busqueda-de-iniciativas?p_p_id=iniciativas&p_p_lifecycle=0&p_p_state=normal&p_p_mode=view&_iniciativas_mode=mostrarDetalle&_iniciativas_legislatura=XIV&_iniciativas_id=121/000125
24/11/2022,Presupuestos Generales del Estado,Sección 24 (Ministerio de Cultura y Deporte)  null,"Hoyo Juliá, Belén",GP,No,37,253,3,56,https://www.congreso.es/es/busqueda-de-iniciativas?p_p_id=iniciativas&p_p_lifecycle=0&p_p_state=normal&p_p_mode=view&_iniciativas_mode=mostrarDetalle&_iniciativas_legislatura=XIV&_iniciativas_id=121/000125
24/11/2022,Presupuestos Generales del Estado,Sección 24 (Ministerio de Cultura y Deporte)  null,"Marcos Domínguez, Pilar",GP,No,37,253,3,56,https://www.congreso.es/es/busqueda-de-iniciativas?p_p_id=iniciativas&p_p_lifecycle=0&p_p_state=normal&p_p_mode=view&_iniciativas_mode=mostrarDetalle&_iniciativas_legislatura=XIV&_iniciativas_id=121/000125
24/11/2022,Presupuestos Generales del Estado,Sección 24 (Ministerio de Cultura y Deporte)  null,"Soler Mur, Alejandro",GS,No,37,253,3,56,https://www.congreso.es/es/busqueda-de-iniciativas?p_p_id=iniciativas&p_p_lifecycle=0&p_p_state=normal&p_p_mode=view&_iniciativas_mode=mostrarDetalle&_iniciativas_legislatura=XIV&_iniciativas_id=121/000125
24/11/2022,Presupuestos Generales del Estado,Sección 24 (Ministerio de Cultura y Deporte)  null,"Gutiérrez Díaz de Otazu, Fernando Adolfo",GP,No,37,253,3,56,https://www.congreso.es/es/busqueda-de-iniciativas?p_p_id=iniciativas&p_p_lifecycle=0&p_p_state=normal&p_p_mode=view&_iniciativas_mode=mostrarDetalle&_iniciativas_legislatura=XIV&_iniciativas_id=121/000125
24/11/2022,Presupuestos Generales del Estado,Sección 24 (Ministerio de Cultura y Deporte)  null,"Narváez Bandera, María Dolores",GS,No,37,253,3,56,https://www.congreso.es/es/busqueda-de-iniciativas?p_p_id=iniciativas&p_p_lifecycle=0&p_p_state=normal&p_p_mode=view&_iniciativas_mode=mostrarDetalle&_iniciativas_legislatura=XIV&_iniciativas_id=121/000125
24/11/2022,Presupuestos Generales del Estado,Sección 24 (Ministerio de Cultura y Deporte)  null,"De Luna Tobarra, Llanos",GP,No,37,253,3,56,https://www.congreso.es/es/busqueda-de-iniciativas?p_p_id=iniciativas&p_p_lifecycle=0&p_p_state=normal&p_p_mode=view&_iniciativas_mode=mostrarDetalle&_iniciativas_legislatura=XIV&_iniciativas_id=121/000125
24/11/2022,Presupuestos Generales del Estado,Sección 24 (Ministerio de Cultura y Deporte)  null,"Serrano Martínez, Juan Francisco",GS,No,37,253,3,56,https://www.congreso.es/es/busqueda-de-iniciativas?p_p_id=iniciativas&p_p_lifecycle=0&p_p_state=normal&p_p_mode=view&_iniciativas_mode=mostrarDetalle&_iniciativas_legislatura=XIV&_iniciativas_id=121/000125
24/11/2022,Presupuestos Generales del Estado,Sección 24 (Ministerio de Cultura y Deporte)  null,"Cruz-Guzmán García, María Soledad",GP,No,37,253,3,56,https://www.congreso.es/es/busqueda-de-iniciativas?p_p_id=iniciativas&p_p_lifecycle=0&p_p_state=normal&p_p_mode=view&_iniciativas_mode=mostrarDetalle&_iniciativas_legislatura=XIV&_iniciativas_id=121/000125
24/11/2022,Presupuestos Generales del Estado,Sección 24 (Ministerio de Cultura y Deporte)  null,"Pérez Díaz, María Auxiliadora",GP,No,37,253,3,56,https://www.congreso.es/es/busqueda-de-iniciativas?p_p_id=iniciativas&p_p_lifecycle=0&p_p_state=normal&p_p_mode=view&_iniciativas_mode=mostrarDetalle&_iniciativas_legislatura=XIV&_iniciativas_id=121/000125
24/11/2022,Presupuestos Generales del Estado,Sección 24 (Ministerio de Cultura y Deporte)  null,"Oramas González-Moro, Ana María",GMx,No,37,253,3,56,https://www.congreso.es/es/busqueda-de-iniciativas?p_p_id=iniciativas&p_p_lifecycle=0&p_p_state=normal&p_p_mode=view&_iniciativas_mode=mostrarDetalle&_iniciativas_legislatura=XIV&_iniciativas_id=121/000125
24/11/2022,Presupuestos Generales del Estado,Sección 24 (Ministerio de Cultura y Deporte)  null,"Cerdán León, Santos",GS,No,37,253,3,56,https://www.congreso.es/es/busqueda-de-iniciativas?p_p_id=iniciativas&p_p_lifecycle=0&p_p_state=normal&p_p_mode=view&_iniciativas_mode=mostrarDetalle&_iniciativas_legislatura=XIV&_iniciativas_id=121/000125
24/11/2022,Presupuestos Generales del Estado,Sección 24 (Ministerio de Cultura y Deporte)  null,"González Pérez, Ariagona",GS,No,37,253,3,56,https://www.congreso.es/es/busqueda-de-iniciativas?p_p_id=iniciativas&p_p_lifecycle=0&p_p_state=normal&p_p_mode=view&_iniciativas_mode=mostrarDetalle&_iniciativas_legislatura=XIV&_iniciativas_id=121/000125
24/11/2022,Presupuestos Generales del Estado,Sección 24 (Ministerio de Cultura y Deporte)  null,"González Terol, Antonio",GP,No,37,253,3,56,https://www.congreso.es/es/busqueda-de-iniciativas?p_p_id=iniciativas&p_p_lifecycle=0&p_p_state=normal&p_p_mode=view&_iniciativas_mode=mostrarDetalle&_iniciativas_legislatura=XIV&_iniciativas_id=121/000125
24/11/2022,Presupuestos Generales del Estado,Sección 24 (Ministerio de Cultura y Deporte)  null,"Olano Vela, Jaime Eduardo de",GP,No,37,253,3,56,https://www.congreso.es/es/busqueda-de-iniciativas?p_p_id=iniciativas&p_p_lifecycle=0&p_p_state=normal&p_p_mode=view&_iniciativas_mode=mostrarDetalle&_iniciativas_legislatura=XIV&_iniciativas_id=121/000125
24/11/2022,Presupuestos Generales del Estado,Sección 24 (Ministerio de Cultura y Deporte)  null,"Rodríguez Gómez de Celis, Alfonso",GS,No,37,253,3,56,https://www.congreso.es/es/busqueda-de-iniciativas?p_p_id=iniciativas&p_p_lifecycle=0&p_p_state=normal&p_p_mode=view&_iniciativas_mode=mostrarDetalle&_iniciativas_legislatura=XIV&_iniciativas_id=121/000125
24/11/2022,Presupuestos Generales del Estado,Sección 24 (Ministerio de Cultura y Deporte)  null,"Giménez Giménez, Sara",GCs,No,37,253,3,56,https://www.congreso.es/es/busqueda-de-iniciativas?p_p_id=iniciativas&p_p_lifecycle=0&p_p_state=normal&p_p_mode=view&_iniciativas_mode=mostrarDetalle&_iniciativas_legislatura=XIV&_iniciativas_id=121/000125
24/11/2022,Presupuestos Generales del Estado,Sección 24 (Ministerio de Cultura y Deporte)  null,"Díaz Pérez, Yolanda",GCUP-EC-GC,No,37,253,3,56,https://www.congreso.es/es/busqueda-de-iniciativas?p_p_id=iniciativas&p_p_lifecycle=0&p_p_state=normal&p_p_mode=view&_iniciativas_mode=mostrarDetalle&_iniciativas_legislatura=XIV&_iniciativas_id=121/000125
24/11/2022,Presupuestos Generales del Estado,Sección 24 (Ministerio de Cultura y Deporte)  null,"Padilla Ruiz, Esther",GS,No,37,253,3,56,https://www.congreso.es/es/busqueda-de-iniciativas?p_p_id=iniciativas&p_p_lifecycle=0&p_p_state=normal&p_p_mode=view&_iniciativas_mode=mostrarDetalle&_iniciativas_legislatura=XIV&_iniciativas_id=121/000125
24/11/2022,Presupuestos Generales del Estado,Sección 24 (Ministerio de Cultura y Deporte)  null,"Gómez-Reino Varela, Antonio",GCUP-EC-GC,No,37,253,3,56,https://www.congreso.es/es/busqueda-de-iniciativas?p_p_id=iniciativas&p_p_lifecycle=0&p_p_state=normal&p_p_mode=view&_iniciativas_mode=mostrarDetalle&_iniciativas_legislatura=XIV&_iniciativas_id=121/000125
24/11/2022,Presupuestos Generales del Estado,Sección 24 (Ministerio de Cultura y Deporte)  null,"Ramos Esteban, César Joaquín",GS,No,37,253,3,56,https://www.congreso.es/es/busqueda-de-iniciativas?p_p_id=iniciativas&p_p_lifecycle=0&p_p_state=normal&p_p_mode=view&_iniciativas_mode=mostrarDetalle&_iniciativas_legislatura=XIV&_iniciativas_id=121/000125
24/11/2022,Presupuestos Generales del Estado,Sección 24 (Ministerio de Cultura y Deporte)  null,"Gutiérrez Prieto, Sergio",GS,No,37,253,3,56,https://www.congreso.es/es/busqueda-de-iniciativas?p_p_id=iniciativas&p_p_lifecycle=0&p_p_state=normal&p_p_mode=view&_iniciativas_mode=mostrarDetalle&_iniciativas_legislatura=XIV&_iniciativas_id=121/000125
24/11/2022,Presupuestos Generales del Estado,Sección 24 (Ministerio de Cultura y Deporte)  null,"Bermúdez de Castro Fernández, José Antonio",GP,No,37,253,3,56,https://www.congreso.es/es/busqueda-de-iniciativas?p_p_id=iniciativas&p_p_lifecycle=0&p_p_state=normal&p_p_mode=view&_iniciativas_mode=mostrarDetalle&_iniciativas_legislatura=XIV&_iniciativas_id=121/000125
24/11/2022,Presupuestos Generales del Estado,Sección 24 (Ministerio de Cultura y Deporte)  null,"Zaragoza Alonso, José",GS,No,37,253,3,56,https://www.congreso.es/es/busqueda-de-iniciativas?p_p_id=iniciativas&p_p_lifecycle=0&p_p_state=normal&p_p_mode=view&_iniciativas_mode=mostrarDetalle&_iniciativas_legislatura=XIV&_iniciativas_id=121/000125
24/11/2022,Presupuestos Generales del Estado,Sección 24 (Ministerio de Cultura y Deporte)  null,"Ramírez Carner, Arnau",GS,No,37,253,3,56,https://www.congreso.es/es/busqueda-de-iniciativas?p_p_id=iniciativas&p_p_lifecycle=0&p_p_state=normal&p_p_mode=view&_iniciativas_mode=mostrarDetalle&_iniciativas_legislatura=XIV&_iniciativas_id=121/000125
24/11/2022,Presupuestos Generales del Estado,Sección 24 (Ministerio de Cultura y Deporte)  null,"Aranda Vargas, Francisco",GS,No,37,253,3,56,https://www.congreso.es/es/busqueda-de-iniciativas?p_p_id=iniciativas&p_p_lifecycle=0&p_p_state=normal&p_p_mode=view&_iniciativas_mode=mostrarDetalle&_iniciativas_legislatura=XIV&_iniciativas_id=121/000125
24/11/2022,Presupuestos Generales del Estado,Sección 24 (Ministerio de Cultura y Deporte)  null,"Mínguez García, Montse",GS,No,37,253,3,56,https://www.congreso.es/es/busqueda-de-iniciativas?p_p_id=iniciativas&p_p_lifecycle=0&p_p_state=normal&p_p_mode=view&_iniciativas_mode=mostrarDetalle&_iniciativas_legislatura=XIV&_iniciativas_id=121/000125
24/11/2022,Presupuestos Generales del Estado,Sección 24 (Ministerio de Cultura y Deporte)  null,"Lamuà Estañol, Marc",GS,No,37,253,3,56,https://www.congreso.es/es/busqueda-de-iniciativas?p_p_id=iniciativas&p_p_lifecycle=0&p_p_state=normal&p_p_mode=view&_iniciativas_mode=mostrarDetalle&_iniciativas_legislatura=XIV&_iniciativas_id=121/000125
24/11/2022,Presupuestos Generales del Estado,Sección 24 (Ministerio de Cultura y Deporte)  null,"Guinart Moreno, Lídia",GS,No,37,253,3,56,https://www.congreso.es/es/busqueda-de-iniciativas?p_p_id=iniciativas&p_p_lifecycle=0&p_p_state=normal&p_p_mode=view&_iniciativas_mode=mostrarDetalle&_iniciativas_legislatura=XIV&_iniciativas_id=121/000125
24/11/2022,Presupuestos Generales del Estado,Sección 24 (Ministerio de Cultura y Deporte)  null,"Perea i Conillas, María Mercè",GS,No,37,253,3,56,https://www.congreso.es/es/busqueda-de-iniciativas?p_p_id=iniciativas&p_p_lifecycle=0&p_p_state=normal&p_p_mode=view&_iniciativas_mode=mostrarDetalle&_iniciativas_legislatura=XIV&_iniciativas_id=121/000125
24/11/2022,Presupuestos Generales del Estado,Sección 24 (Ministerio de Cultura y Deporte)  null,"Andrés Añón, Carmen",GS,No,37,253,3,56,https://www.congreso.es/es/busqueda-de-iniciativas?p_p_id=iniciativas&p_p_lifecycle=0&p_p_state=normal&p_p_mode=view&_iniciativas_mode=mostrarDetalle&_iniciativas_legislatura=XIV&_iniciativas_id=121/000125
24/11/2022,Presupuestos Generales del Estado,Sección 24 (Ministerio de Cultura y Deporte)  null,"López de Uralde Garmendia, Juan Antonio",GCUP-EC-GC,No,37,253,3,56,https://www.congreso.es/es/busqueda-de-iniciativas?p_p_id=iniciativas&p_p_lifecycle=0&p_p_state=normal&p_p_mode=view&_iniciativas_mode=mostrarDetalle&_iniciativas_legislatura=XIV&_iniciativas_id=121/000125
24/11/2022,Presupuestos Generales del Estado,Sección 24 (Ministerio de Cultura y Deporte)  null,"Jiménez Linuesa, Beatriz",GP,No,37,253,3,56,https://www.congreso.es/es/busqueda-de-iniciativas?p_p_id=iniciativas&p_p_lifecycle=0&p_p_state=normal&p_p_mode=view&_iniciativas_mode=mostrarDetalle&_iniciativas_legislatura=XIV&_iniciativas_id=121/000125
24/11/2022,Presupuestos Generales del Estado,Sección 24 (Ministerio de Cultura y Deporte)  null,"Uriarte Torrealday, Roberto",GCUP-EC-GC,No,37,253,3,56,https://www.congreso.es/es/busqueda-de-iniciativas?p_p_id=iniciativas&p_p_lifecycle=0&p_p_state=normal&p_p_mode=view&_iniciativas_mode=mostrarDetalle&_iniciativas_legislatura=XIV&_iniciativas_id=121/000125
24/11/2022,Presupuestos Generales del Estado,Sección 24 (Ministerio de Cultura y Deporte)  null,"Guaita Esteruelas, Sandra",GS,No,37,253,3,56,https://www.congreso.es/es/busqueda-de-iniciativas?p_p_id=iniciativas&p_p_lifecycle=0&p_p_state=normal&p_p_mode=view&_iniciativas_mode=mostrarDetalle&_iniciativas_legislatura=XIV&_iniciativas_id=121/000125
24/11/2022,Presupuestos Generales del Estado,Sección 24 (Ministerio de Cultura y Deporte)  null,"Ruiz i Carbonell, Joan",GS,No,37,253,3,56,https://www.congreso.es/es/busqueda-de-iniciativas?p_p_id=iniciativas&p_p_lifecycle=0&p_p_state=normal&p_p_mode=view&_iniciativas_mode=mostrarDetalle&_iniciativas_legislatura=XIV&_iniciativas_id=121/000125
24/11/2022,Presupuestos Generales del Estado,Sección 24 (Ministerio de Cultura y Deporte)  null,"Garrido Gutiérrez, Pilar",GCUP-EC-GC,No,37,253,3,56,https://www.congreso.es/es/busqueda-de-iniciativas?p_p_id=iniciativas&p_p_lifecycle=0&p_p_state=normal&p_p_mode=view&_iniciativas_mode=mostrarDetalle&_iniciativas_legislatura=XIV&_iniciativas_id=121/000125
24/11/2022,Presupuestos Generales del Estado,Sección 24 (Ministerio de Cultura y Deporte)  null,"Bal Francés, Edmundo",GCs,No,37,253,3,56,https://www.congreso.es/es/busqueda-de-iniciativas?p_p_id=iniciativas&p_p_lifecycle=0&p_p_state=normal&p_p_mode=view&_iniciativas_mode=mostrarDetalle&_iniciativas_legislatura=XIV&_iniciativas_id=121/000125
24/11/2022,Presupuestos Generales del Estado,Sección 24 (Ministerio de Cultura y Deporte)  null,"Gamazo Micó, Óscar",GP,No,37,253,3,56,https://www.congreso.es/es/busqueda-de-iniciativas?p_p_id=iniciativas&p_p_lifecycle=0&p_p_state=normal&p_p_mode=view&_iniciativas_mode=mostrarDetalle&_iniciativas_legislatura=XIV&_iniciativas_id=121/000125
24/11/2022,Presupuestos Generales del Estado,Sección 24 (Ministerio de Cultura y Deporte)  null,"Suárez Lamata, Eloy",GP,No,37,253,3,56,https://www.congreso.es/es/busqueda-de-iniciativas?p_p_id=iniciativas&p_p_lifecycle=0&p_p_state=normal&p_p_mode=view&_iniciativas_mode=mostrarDetalle&_iniciativas_legislatura=XIV&_iniciativas_id=121/000125
24/11/2022,Presupuestos Generales del Estado,Sección 24 (Ministerio de Cultura y Deporte)  null,"Batet Lamaña, Meritxell",GS,No,37,253,3,56,https://www.congreso.es/es/busqueda-de-iniciativas?p_p_id=iniciativas&p_p_lifecycle=0&p_p_state=normal&p_p_mode=view&_iniciativas_mode=mostrarDetalle&_iniciativas_legislatura=XIV&_iniciativas_id=121/000125
24/11/2022,Presupuestos Generales del Estado,Sección 24 (Ministerio de Cultura y Deporte)  null,"Ramos Rodríguez, José Luis",GS,No,37,253,3,56,https://www.congreso.es/es/busqueda-de-iniciativas?p_p_id=iniciativas&p_p_lifecycle=0&p_p_state=normal&p_p_mode=view&_iniciativas_mode=mostrarDetalle&_iniciativas_legislatura=XIV&_iniciativas_id=121/000125
24/11/2022,Presupuestos Generales del Estado,Sección 24 (Ministerio de Cultura y Deporte)  null,"Garcés Sanagustín, Mario",GP,No,37,253,3,56,https://www.congreso.es/es/busqueda-de-iniciativas?p_p_id=iniciativas&p_p_lifecycle=0&p_p_state=normal&p_p_mode=view&_iniciativas_mode=mostrarDetalle&_iniciativas_legislatura=XIV&_iniciativas_id=121/000125
24/11/2022,Presupuestos Generales del Estado,Sección 24 (Ministerio de Cultura y Deporte)  null,"Navarro López, Pedro",GP,No,37,253,3,56,https://www.congreso.es/es/busqueda-de-iniciativas?p_p_id=iniciativas&p_p_lifecycle=0&p_p_state=normal&p_p_mode=view&_iniciativas_mode=mostrarDetalle&_iniciativas_legislatura=XIV&_iniciativas_id=121/000125
24/11/2022,Presupuestos Generales del Estado,Sección 24 (Ministerio de Cultura y Deporte)  null,"Diouf Dioh, Luc Andre",GS,No,37,253,3,56,https://www.congreso.es/es/busqueda-de-iniciativas?p_p_id=iniciativas&p_p_lifecycle=0&p_p_state=normal&p_p_mode=view&_iniciativas_mode=mostrarDetalle&_iniciativas_legislatura=XIV&_iniciativas_id=121/000125
24/11/2022,Presupuestos Generales del Estado,Sección 24 (Ministerio de Cultura y Deporte)  null,"González Caballero, Miguel Ángel",GS,No,37,253,3,56,https://www.congreso.es/es/busqueda-de-iniciativas?p_p_id=iniciativas&p_p_lifecycle=0&p_p_state=normal&p_p_mode=view&_iniciativas_mode=mostrarDetalle&_iniciativas_legislatura=XIV&_iniciativas_id=121/000125
24/11/2022,Presupuestos Generales del Estado,Sección 24 (Ministerio de Cultura y Deporte)  null,"Pons Sampietro, Pere Joan",GS,No,37,253,3,56,https://www.congreso.es/es/busqueda-de-iniciativas?p_p_id=iniciativas&p_p_lifecycle=0&p_p_state=normal&p_p_mode=view&_iniciativas_mode=mostrarDetalle&_iniciativas_legislatura=XIV&_iniciativas_id=121/000125
24/11/2022,Presupuestos Generales del Estado,Sección 24 (Ministerio de Cultura y Deporte)  null,"López Zamora, Cristina",GS,No,37,253,3,56,https://www.congreso.es/es/busqueda-de-iniciativas?p_p_id=iniciativas&p_p_lifecycle=0&p_p_state=normal&p_p_mode=view&_iniciativas_mode=mostrarDetalle&_iniciativas_legislatura=XIV&_iniciativas_id=121/000125
24/11/2022,Presupuestos Generales del Estado,Sección 24 (Ministerio de Cultura y Deporte)  null,"Montero Cuadrado, María Jesús",GS,No,37,253,3,56,https://www.congreso.es/es/busqueda-de-iniciativas?p_p_id=iniciativas&p_p_lifecycle=0&p_p_state=normal&p_p_mode=view&_iniciativas_mode=mostrarDetalle&_iniciativas_legislatura=XIV&_iniciativas_id=121/000125
24/11/2022,Presupuestos Generales del Estado,Sección 24 (Ministerio de Cultura y Deporte)  null,"García Gómez, Valentín",GS,No,37,253,3,56,https://www.congreso.es/es/busqueda-de-iniciativas?p_p_id=iniciativas&p_p_lifecycle=0&p_p_state=normal&p_p_mode=view&_iniciativas_mode=mostrarDetalle&_iniciativas_legislatura=XIV&_iniciativas_id=121/000125
24/11/2022,Presupuestos Generales del Estado,Sección 24 (Ministerio de Cultura y Deporte)  null,"Sánchez Escobar, Mariano",GS,No,37,253,3,56,https://www.congreso.es/es/busqueda-de-iniciativas?p_p_id=iniciativas&p_p_lifecycle=0&p_p_state=normal&p_p_mode=view&_iniciativas_mode=mostrarDetalle&_iniciativas_legislatura=XIV&_iniciativas_id=121/000125
24/11/2022,Presupuestos Generales del Estado,Sección 24 (Ministerio de Cultura y Deporte)  null,"Betoret Coll, Vicente",GP,No,37,253,3,56,https://www.congreso.es/es/busqueda-de-iniciativas?p_p_id=iniciativas&p_p_lifecycle=0&p_p_state=normal&p_p_mode=view&_iniciativas_mode=mostrarDetalle&_iniciativas_legislatura=XIV&_iniciativas_id=121/000125
24/11/2022,Presupuestos Generales del Estado,Sección 24 (Ministerio de Cultura y Deporte)  null,"Fernández Casero, Ana Belén",GS,No,37,253,3,56,https://www.congreso.es/es/busqueda-de-iniciativas?p_p_id=iniciativas&p_p_lifecycle=0&p_p_state=normal&p_p_mode=view&_iniciativas_mode=mostrarDetalle&_iniciativas_legislatura=XIV&_iniciativas_id=121/000125
24/11/2022,Presupuestos Generales del Estado,Sección 24 (Ministerio de Cultura y Deporte)  null,"García Morís, Roberto",GS,No,37,253,3,56,https://www.congreso.es/es/busqueda-de-iniciativas?p_p_id=iniciativas&p_p_lifecycle=0&p_p_state=normal&p_p_mode=view&_iniciativas_mode=mostrarDetalle&_iniciativas_legislatura=XIV&_iniciativas_id=121/000125
24/11/2022,Presupuestos Generales del Estado,Sección 24 (Ministerio de Cultura y Deporte)  null,"Aragonés Mendiguchía, Carlos",GP,No,37,253,3,56,https://www.congreso.es/es/busqueda-de-iniciativas?p_p_id=iniciativas&p_p_lifecycle=0&p_p_state=normal&p_p_mode=view&_iniciativas_mode=mostrarDetalle&_iniciativas_legislatura=XIV&_iniciativas_id=121/000125
24/11/2022,Presupuestos Generales del Estado,Sección 24 (Ministerio de Cultura y Deporte)  null,"Velarde Gómez, Martina",GCUP-EC-GC,No,37,253,3,56,https://www.congreso.es/es/busqueda-de-iniciativas?p_p_id=iniciativas&p_p_lifecycle=0&p_p_state=normal&p_p_mode=view&_iniciativas_mode=mostrarDetalle&_iniciativas_legislatura=XIV&_iniciativas_id=121/000125
24/11/2022,Presupuestos Generales del Estado,Sección 24 (Ministerio de Cultura y Deporte)  null,"González Vázquez, Marta",GP,No,37,253,3,56,https://www.congreso.es/es/busqueda-de-iniciativas?p_p_id=iniciativas&p_p_lifecycle=0&p_p_state=normal&p_p_mode=view&_iniciativas_mode=mostrarDetalle&_iniciativas_legislatura=XIV&_iniciativas_id=121/000125
24/11/2022,Presupuestos Generales del Estado,Sección 24 (Ministerio de Cultura y Deporte)  null,"Botella Gómez, Ana María",GS,No,37,253,3,56,https://www.congreso.es/es/busqueda-de-iniciativas?p_p_id=iniciativas&p_p_lifecycle=0&p_p_state=normal&p_p_mode=view&_iniciativas_mode=mostrarDetalle&_iniciativas_legislatura=XIV&_iniciativas_id=121/000125
24/11/2022,Presupuestos Generales del Estado,Sección 24 (Ministerio de Cultura y Deporte)  null,"Paniagua Núñez, Miguel Ángel",GP,No,37,253,3,56,https://www.congreso.es/es/busqueda-de-iniciativas?p_p_id=iniciativas&p_p_lifecycle=0&p_p_state=normal&p_p_mode=view&_iniciativas_mode=mostrarDetalle&_iniciativas_legislatura=XIV&_iniciativas_id=121/000125
24/11/2022,Presupuestos Generales del Estado,Sección 24 (Ministerio de Cultura y Deporte)  null,"Romero Hernández, Carmelo",GP,No,37,253,3,56,https://www.congreso.es/es/busqueda-de-iniciativas?p_p_id=iniciativas&p_p_lifecycle=0&p_p_state=normal&p_p_mode=view&_iniciativas_mode=mostrarDetalle&_iniciativas_legislatura=XIV&_iniciativas_id=121/000125
24/11/2022,Presupuestos Generales del Estado,Sección 24 (Ministerio de Cultura y Deporte)  null,"Rojas García, Carlos",GP,No,37,253,3,56,https://www.congreso.es/es/busqueda-de-iniciativas?p_p_id=iniciativas&p_p_lifecycle=0&p_p_state=normal&p_p_mode=view&_iniciativas_mode=mostrarDetalle&_iniciativas_legislatura=XIV&_iniciativas_id=121/000125
24/11/2022,Presupuestos Generales del Estado,Sección 24 (Ministerio de Cultura y Deporte)  null,"Prohens Rigo, Margarita",GP,No,37,253,3,56,https://www.congreso.es/es/busqueda-de-iniciativas?p_p_id=iniciativas&p_p_lifecycle=0&p_p_state=normal&p_p_mode=view&_iniciativas_mode=mostrarDetalle&_iniciativas_legislatura=XIV&_iniciativas_id=121/000125
24/11/2022,Presupuestos Generales del Estado,Sección 24 (Ministerio de Cultura y Deporte)  null,"Alonso Pérez, José Ángel",GP,No,37,253,3,56,https://www.congreso.es/es/busqueda-de-iniciativas?p_p_id=iniciativas&p_p_lifecycle=0&p_p_state=normal&p_p_mode=view&_iniciativas_mode=mostrarDetalle&_iniciativas_legislatura=XIV&_iniciativas_id=121/000125
24/11/2022,Presupuestos Generales del Estado,Sección 24 (Ministerio de Cultura y Deporte)  null,"Carazo Hermoso, Eduardo",GP,No,37,253,3,56,https://www.congreso.es/es/busqueda-de-iniciativas?p_p_id=iniciativas&p_p_lifecycle=0&p_p_state=normal&p_p_mode=view&_iniciativas_mode=mostrarDetalle&_iniciativas_legislatura=XIV&_iniciativas_id=121/000125
24/11/2022,Presupuestos Generales del Estado,Sección 24 (Ministerio de Cultura y Deporte)  null,"Sánchez Pérez, César",GP,No,37,253,3,56,https://www.congreso.es/es/busqueda-de-iniciativas?p_p_id=iniciativas&p_p_lifecycle=0&p_p_state=normal&p_p_mode=view&_iniciativas_mode=mostrarDetalle&_iniciativas_legislatura=XIV&_iniciativas_id=121/000125
24/11/2022,Presupuestos Generales del Estado,Sección 24 (Ministerio de Cultura y Deporte)  null,"Martínez Seijo, María Luz",GS,No,37,253,3,56,https://www.congreso.es/es/busqueda-de-iniciativas?p_p_id=iniciativas&p_p_lifecycle=0&p_p_state=normal&p_p_mode=view&_iniciativas_mode=mostrarDetalle&_iniciativas_legislatura=XIV&_iniciativas_id=121/000125
24/11/2022,Presupuestos Generales del Estado,Sección 24 (Ministerio de Cultura y Deporte)  null,"Faneca López, María Luisa",GS,No,37,253,3,56,https://www.congreso.es/es/busqueda-de-iniciativas?p_p_id=iniciativas&p_p_lifecycle=0&p_p_state=normal&p_p_mode=view&_iniciativas_mode=mostrarDetalle&_iniciativas_legislatura=XIV&_iniciativas_id=121/000125
24/11/2022,Presupuestos Generales del Estado,Sección 24 (Ministerio de Cultura y Deporte)  null,"Espejo-Saavedra Conesa, José María",GCs,No,37,253,3,56,https://www.congreso.es/es/busqueda-de-iniciativas?p_p_id=iniciativas&p_p_lifecycle=0&p_p_state=normal&p_p_mode=view&_iniciativas_mode=mostrarDetalle&_iniciativas_legislatura=XIV&_iniciativas_id=121/000125
24/11/2022,Presupuestos Generales del Estado,Sección 24 (Ministerio de Cultura y Deporte)  null,"Calvo Poyato, Carmen",GS,No,37,253,3,56,https://www.congreso.es/es/busqueda-de-iniciativas?p_p_id=iniciativas&p_p_lifecycle=0&p_p_state=normal&p_p_mode=view&_iniciativas_mode=mostrarDetalle&_iniciativas_legislatura=XIV&_iniciativas_id=121/000125
24/11/2022,Presupuestos Generales del Estado,Sección 24 (Ministerio de Cultura y Deporte)  null,"Sicilia Alférez, Felipe Jesús",GS,No,37,253,3,56,https://www.congreso.es/es/busqueda-de-iniciativas?p_p_id=iniciativas&p_p_lifecycle=0&p_p_state=normal&p_p_mode=view&_iniciativas_mode=mostrarDetalle&_iniciativas_legislatura=XIV&_iniciativas_id=121/000125
24/11/2022,Presupuestos Generales del Estado,Sección 24 (Ministerio de Cultura y Deporte)  null,"Beltrán Villalba, Ana María",GP,No,37,253,3,56,https://www.congreso.es/es/busqueda-de-iniciativas?p_p_id=iniciativas&p_p_lifecycle=0&p_p_state=normal&p_p_mode=view&_iniciativas_mode=mostrarDetalle&_iniciativas_legislatura=XIV&_iniciativas_id=121/000125
24/11/2022,Presupuestos Generales del Estado,Sección 24 (Ministerio de Cultura y Deporte)  null,"Gamarra Ruiz-Clavijo, Concepción",GP,No,37,253,3,56,https://www.congreso.es/es/busqueda-de-iniciativas?p_p_id=iniciativas&p_p_lifecycle=0&p_p_state=normal&p_p_mode=view&_iniciativas_mode=mostrarDetalle&_iniciativas_legislatura=XIV&_iniciativas_id=121/000125
24/11/2022,Presupuestos Generales del Estado,Sección 24 (Ministerio de Cultura y Deporte)  null,"López Domínguez, Laura",GCUP-EC-GC,No,37,253,3,56,https://www.congreso.es/es/busqueda-de-iniciativas?p_p_id=iniciativas&p_p_lifecycle=0&p_p_state=normal&p_p_mode=view&_iniciativas_mode=mostrarDetalle&_iniciativas_legislatura=XIV&_iniciativas_id=121/000125
24/11/2022,Presupuestos Generales del Estado,Sección 24 (Ministerio de Cultura y Deporte)  null,"Mena Arca, Joan",GCUP-EC-GC,No,37,253,3,56,https://www.congreso.es/es/busqueda-de-iniciativas?p_p_id=iniciativas&p_p_lifecycle=0&p_p_state=normal&p_p_mode=view&_iniciativas_mode=mostrarDetalle&_iniciativas_legislatura=XIV&_iniciativas_id=121/000125
24/11/2022,Presupuestos Generales del Estado,Sección 24 (Ministerio de Cultura y Deporte)  null,"García Puig, María del Mar",GCUP-EC-GC,No,37,253,3,56,https://www.congreso.es/es/busqueda-de-iniciativas?p_p_id=iniciativas&p_p_lifecycle=0&p_p_state=normal&p_p_mode=view&_iniciativas_mode=mostrarDetalle&_iniciativas_legislatura=XIV&_iniciativas_id=121/000125
24/11/2022,Presupuestos Generales del Estado,Sección 24 (Ministerio de Cultura y Deporte)  null,"Vidal Sáez, Aina",GCUP-EC-GC,No,37,253,3,56,https://www.congreso.es/es/busqueda-de-iniciativas?p_p_id=iniciativas&p_p_lifecycle=0&p_p_state=normal&p_p_mode=view&_iniciativas_mode=mostrarDetalle&_iniciativas_legislatura=XIV&_iniciativas_id=121/000125
24/11/2022,Presupuestos Generales del Estado,Sección 24 (Ministerio de Cultura y Deporte)  null,"Ábalos Meco, José Luis",GS,No,37,253,3,56,https://www.congreso.es/es/busqueda-de-iniciativas?p_p_id=iniciativas&p_p_lifecycle=0&p_p_state=normal&p_p_mode=view&_iniciativas_mode=mostrarDetalle&_iniciativas_legislatura=XIV&_iniciativas_id=121/000125
24/11/2022,Presupuestos Generales del Estado,Sección 24 (Ministerio de Cultura y Deporte)  null,"Santamaría Ruiz, Luis",GP,No,37,253,3,56,https://www.congreso.es/es/busqueda-de-iniciativas?p_p_id=iniciativas&p_p_lifecycle=0&p_p_state=normal&p_p_mode=view&_iniciativas_mode=mostrarDetalle&_iniciativas_legislatura=XIV&_iniciativas_id=121/000125
24/11/2022,Presupuestos Generales del Estado,Sección 24 (Ministerio de Cultura y Deporte)  null,"Carcedo Roces, María Luisa",GS,No,37,253,3,56,https://www.congreso.es/es/busqueda-de-iniciativas?p_p_id=iniciativas&p_p_lifecycle=0&p_p_state=normal&p_p_mode=view&_iniciativas_mode=mostrarDetalle&_iniciativas_legislatura=XIV&_iniciativas_id=121/000125
24/11/2022,Presupuestos Generales del Estado,Sección 24 (Ministerio de Cultura y Deporte)  null,"Fernández Castañón, Sofía",GCUP-EC-GC,No,37,253,3,56,https://www.congreso.es/es/busqueda-de-iniciativas?p_p_id=iniciativas&p_p_lifecycle=0&p_p_state=normal&p_p_mode=view&_iniciativas_mode=mostrarDetalle&_iniciativas_legislatura=XIV&_iniciativas_id=121/000125
24/11/2022,Presupuestos Generales del Estado,Sección 24 (Ministerio de Cultura y Deporte)  null,"Rodríguez Gómez, María del Pilar",GS,No,37,253,3,56,https://www.congreso.es/es/busqueda-de-iniciativas?p_p_id=iniciativas&p_p_lifecycle=0&p_p_state=normal&p_p_mode=view&_iniciativas_mode=mostrarDetalle&_iniciativas_legislatura=XIV&_iniciativas_id=121/000125
24/11/2022,Presupuestos Generales del Estado,Sección 24 (Ministerio de Cultura y Deporte)  null,"Soto Burillo, Juan Luis",GS,No,37,253,3,56,https://www.congreso.es/es/busqueda-de-iniciativas?p_p_id=iniciativas&p_p_lifecycle=0&p_p_state=normal&p_p_mode=view&_iniciativas_mode=mostrarDetalle&_iniciativas_legislatura=XIV&_iniciativas_id=121/000125
24/11/2022,Presupuestos Generales del Estado,Sección 24 (Ministerio de Cultura y Deporte)  null,"Sánchez Jódar, Marisol",GS,No,37,253,3,56,https://www.congreso.es/es/busqueda-de-iniciativas?p_p_id=iniciativas&p_p_lifecycle=0&p_p_state=normal&p_p_mode=view&_iniciativas_mode=mostrarDetalle&_iniciativas_legislatura=XIV&_iniciativas_id=121/000125
24/11/2022,Presupuestos Generales del Estado,Sección 24 (Ministerio de Cultura y Deporte)  null,"Gázquez Collado, Paloma",GP,No,37,253,3,56,https://www.congreso.es/es/busqueda-de-iniciativas?p_p_id=iniciativas&p_p_lifecycle=0&p_p_state=normal&p_p_mode=view&_iniciativas_mode=mostrarDetalle&_iniciativas_legislatura=XIV&_iniciativas_id=121/000125
24/11/2022,Presupuestos Generales del Estado,Sección 24 (Ministerio de Cultura y Deporte)  null,"Carrillo de los Reyes, Beatriz Micaela",GS,No,37,253,3,56,https://www.congreso.es/es/busqueda-de-iniciativas?p_p_id=iniciativas&p_p_lifecycle=0&p_p_state=normal&p_p_mode=view&_iniciativas_mode=mostrarDetalle&_iniciativas_legislatura=XIV&_iniciativas_id=121/000125
24/11/2022,Presupuestos Generales del Estado,Sección 24 (Ministerio de Cultura y Deporte)  null,"Bravo Barco, Eva",GS,No,37,253,3,56,https://www.congreso.es/es/busqueda-de-iniciativas?p_p_id=iniciativas&p_p_lifecycle=0&p_p_state=normal&p_p_mode=view&_iniciativas_mode=mostrarDetalle&_iniciativas_legislatura=XIV&_iniciativas_id=121/000125
24/11/2022,Presupuestos Generales del Estado,Sección 24 (Ministerio de Cultura y Deporte)  null,"Maestro Moliner, Roser",GCUP-EC-GC,No,37,253,3,56,https://www.congreso.es/es/busqueda-de-iniciativas?p_p_id=iniciativas&p_p_lifecycle=0&p_p_state=normal&p_p_mode=view&_iniciativas_mode=mostrarDetalle&_iniciativas_legislatura=XIV&_iniciativas_id=121/000125
24/11/2022,Presupuestos Generales del Estado,Sección 24 (Ministerio de Cultura y Deporte)  null,"Casero Ávila, Alberto",GP,No,37,253,3,56,https://www.congreso.es/es/busqueda-de-iniciativas?p_p_id=iniciativas&p_p_lifecycle=0&p_p_state=normal&p_p_mode=view&_iniciativas_mode=mostrarDetalle&_iniciativas_legislatura=XIV&_iniciativas_id=121/000125
24/11/2022,Presupuestos Generales del Estado,Sección 24 (Ministerio de Cultura y Deporte)  null,"Simancas Simancas, Rafael",GS,No,37,253,3,56,https://www.congreso.es/es/busqueda-de-iniciativas?p_p_id=iniciativas&p_p_lifecycle=0&p_p_state=normal&p_p_mode=view&_iniciativas_mode=mostrarDetalle&_iniciativas_legislatura=XIV&_iniciativas_id=121/000125
24/11/2022,Presupuestos Generales del Estado,Sección 24 (Ministerio de Cultura y Deporte)  null,"González Guinda, María del Carmen",GP,No,37,253,3,56,https://www.congreso.es/es/busqueda-de-iniciativas?p_p_id=iniciativas&p_p_lifecycle=0&p_p_state=normal&p_p_mode=view&_iniciativas_mode=mostrarDetalle&_iniciativas_legislatura=XIV&_iniciativas_id=121/000125
24/11/2022,Presupuestos Generales del Estado,Sección 24 (Ministerio de Cultura y Deporte)  null,"Hernanz Costa, Sofía",GS,No,37,253,3,56,https://www.congreso.es/es/busqueda-de-iniciativas?p_p_id=iniciativas&p_p_lifecycle=0&p_p_state=normal&p_p_mode=view&_iniciativas_mode=mostrarDetalle&_iniciativas_legislatura=XIV&_iniciativas_id=121/000125
24/11/2022,Presupuestos Generales del Estado,Sección 24 (Ministerio de Cultura y Deporte)  null,"Pisarello Prados, Gerardo",GCUP-EC-GC,No,37,253,3,56,https://www.congreso.es/es/busqueda-de-iniciativas?p_p_id=iniciativas&p_p_lifecycle=0&p_p_state=normal&p_p_mode=view&_iniciativas_mode=mostrarDetalle&_iniciativas_legislatura=XIV&_iniciativas_id=121/000125
24/11/2022,Presupuestos Generales del Estado,Sección 24 (Ministerio de Cultura y Deporte)  null,"Asens Llodrà, Jaume",GCUP-EC-GC,No,37,253,3,56,https://www.congreso.es/es/busqueda-de-iniciativas?p_p_id=iniciativas&p_p_lifecycle=0&p_p_state=normal&p_p_mode=view&_iniciativas_mode=mostrarDetalle&_iniciativas_legislatura=XIV&_iniciativas_id=121/000125
24/11/2022,Presupuestos Generales del Estado,Sección 24 (Ministerio de Cultura y Deporte)  null,"Elizo Serrano, María Gloria",GCUP-EC-GC,No,37,253,3,56,https://www.congreso.es/es/busqueda-de-iniciativas?p_p_id=iniciativas&p_p_lifecycle=0&p_p_state=normal&p_p_mode=view&_iniciativas_mode=mostrarDetalle&_iniciativas_legislatura=XIV&_iniciativas_id=121/000125
24/11/2022,Presupuestos Generales del Estado,Sección 24 (Ministerio de Cultura y Deporte)  null,"Cuatrecasas Asua, Juan",GS,No,37,253,3,56,https://www.congreso.es/es/busqueda-de-iniciativas?p_p_id=iniciativas&p_p_lifecycle=0&p_p_state=normal&p_p_mode=view&_iniciativas_mode=mostrarDetalle&_iniciativas_legislatura=XIV&_iniciativas_id=121/000125
24/11/2022,Presupuestos Generales del Estado,Sección 24 (Ministerio de Cultura y Deporte)  null,"García Chavarría, María Montserrat",GS,No,37,253,3,56,https://www.congreso.es/es/busqueda-de-iniciativas?p_p_id=iniciativas&p_p_lifecycle=0&p_p_state=normal&p_p_mode=view&_iniciativas_mode=mostrarDetalle&_iniciativas_legislatura=XIV&_iniciativas_id=121/000125
24/11/2022,Presupuestos Generales del Estado,Sección 24 (Ministerio de Cultura y Deporte)  null,"Almodóbar Barceló, Agustín",GP,No,37,253,3,56,https://www.congreso.es/es/busqueda-de-iniciativas?p_p_id=iniciativas&p_p_lifecycle=0&p_p_state=normal&p_p_mode=view&_iniciativas_mode=mostrarDetalle&_iniciativas_legislatura=XIV&_iniciativas_id=121/000125
24/11/2022,Presupuestos Generales del Estado,Sección 24 (Ministerio de Cultura y Deporte)  null,"Álvarez de Toledo Peralta-Ramos, Cayetana",GP,No,37,253,3,56,https://www.congreso.es/es/busqueda-de-iniciativas?p_p_id=iniciativas&p_p_lifecycle=0&p_p_state=normal&p_p_mode=view&_iniciativas_mode=mostrarDetalle&_iniciativas_legislatura=XIV&_iniciativas_id=121/000125
24/11/2022,Presupuestos Generales del Estado,Sección 24 (Ministerio de Cultura y Deporte)  null,"Hispán Iglesias de Ussel, Pablo",GP,No,37,253,3,56,https://www.congreso.es/es/busqueda-de-iniciativas?p_p_id=iniciativas&p_p_lifecycle=0&p_p_state=normal&p_p_mode=view&_iniciativas_mode=mostrarDetalle&_iniciativas_legislatura=XIV&_iniciativas_id=121/000125
24/11/2022,Presupuestos Generales del Estado,Sección 24 (Ministerio de Cultura y Deporte)  null,"García Egea, Teodoro",GP,No,37,253,3,56,https://www.congreso.es/es/busqueda-de-iniciativas?p_p_id=iniciativas&p_p_lifecycle=0&p_p_state=normal&p_p_mode=view&_iniciativas_mode=mostrarDetalle&_iniciativas_legislatura=XIV&_iniciativas_id=121/000125
24/11/2022,Presupuestos Generales del Estado,Sección 24 (Ministerio de Cultura y Deporte)  null,"Sancho Guardia, Alfredo",GS,No,37,253,3,56,https://www.congreso.es/es/busqueda-de-iniciativas?p_p_id=iniciativas&p_p_lifecycle=0&p_p_state=normal&p_p_mode=view&_iniciativas_mode=mostrarDetalle&_iniciativas_legislatura=XIV&_iniciativas_id=121/000125
24/11/2022,Presupuestos Generales del Estado,Sección 24 (Ministerio de Cultura y Deporte)  null,"Nasarre Oliva, Begoña",GS,No,37,253,3,56,https://www.congreso.es/es/busqueda-de-iniciativas?p_p_id=iniciativas&p_p_lifecycle=0&p_p_state=normal&p_p_mode=view&_iniciativas_mode=mostrarDetalle&_iniciativas_legislatura=XIV&_iniciativas_id=121/000125
24/11/2022,Presupuestos Generales del Estado,Sección 24 (Ministerio de Cultura y Deporte)  null,"Bueno Campanario, Eva Patricia",GS,No,37,253,3,56,https://www.congreso.es/es/busqueda-de-iniciativas?p_p_id=iniciativas&p_p_lifecycle=0&p_p_state=normal&p_p_mode=view&_iniciativas_mode=mostrarDetalle&_iniciativas_legislatura=XIV&_iniciativas_id=121/000125
24/11/2022,Presupuestos Generales del Estado,Sección 24 (Ministerio de Cultura y Deporte)  null,"Cortés Carballo, Mario",GP,No,37,253,3,56,https://www.congreso.es/es/busqueda-de-iniciativas?p_p_id=iniciativas&p_p_lifecycle=0&p_p_state=normal&p_p_mode=view&_iniciativas_mode=mostrarDetalle&_iniciativas_legislatura=XIV&_iniciativas_id=121/000125
24/11/2022,Presupuestos Generales del Estado,Sección 24 (Ministerio de Cultura y Deporte)  null,"Caballero Gutiérrez, Helena",GS,No,37,253,3,56,https://www.congreso.es/es/busqueda-de-iniciativas?p_p_id=iniciativas&p_p_lifecycle=0&p_p_state=normal&p_p_mode=view&_iniciativas_mode=mostrarDetalle&_iniciativas_legislatura=XIV&_iniciativas_id=121/000125
24/11/2022,Presupuestos Generales del Estado,Sección 24 (Ministerio de Cultura y Deporte)  null,"Franco Carmona, Isabel",GCUP-EC-GC,No,37,253,3,56,https://www.congreso.es/es/busqueda-de-iniciativas?p_p_id=iniciativas&p_p_lifecycle=0&p_p_state=normal&p_p_mode=view&_iniciativas_mode=mostrarDetalle&_iniciativas_legislatura=XIV&_iniciativas_id=121/000125
24/11/2022,Presupuestos Generales del Estado,Sección 24 (Ministerio de Cultura y Deporte)  null,"Elorza González, Odón",GS,No,37,253,3,56,https://www.congreso.es/es/busqueda-de-iniciativas?p_p_id=iniciativas&p_p_lifecycle=0&p_p_state=normal&p_p_mode=view&_iniciativas_mode=mostrarDetalle&_iniciativas_legislatura=XIV&_iniciativas_id=121/000125
24/11/2022,Presupuestos Generales del Estado,Sección 24 (Ministerio de Cultura y Deporte)  null,"Montero Gil, Irene María",GCUP-EC-GC,No,37,253,3,56,https://www.congreso.es/es/busqueda-de-iniciativas?p_p_id=iniciativas&p_p_lifecycle=0&p_p_state=normal&p_p_mode=view&_iniciativas_mode=mostrarDetalle&_iniciativas_legislatura=XIV&_iniciativas_id=121/000125
24/11/2022,Presupuestos Generales del Estado,Sección 24 (Ministerio de Cultura y Deporte)  null,"Arrimadas García, Inés",GCs,No,37,253,3,56,https://www.congreso.es/es/busqueda-de-iniciativas?p_p_id=iniciativas&p_p_lifecycle=0&p_p_state=normal&p_p_mode=view&_iniciativas_mode=mostrarDetalle&_iniciativas_legislatura=XIV&_iniciativas_id=121/000125
24/11/2022,Presupuestos Generales del Estado,Sección 24 (Ministerio de Cultura y Deporte)  null,"Vilches Ruiz, María Luisa",GS,No,37,253,3,56,https://www.congreso.es/es/busqueda-de-iniciativas?p_p_id=iniciativas&p_p_lifecycle=0&p_p_state=normal&p_p_mode=view&_iniciativas_mode=mostrarDetalle&_iniciativas_legislatura=XIV&_iniciativas_id=121/000125
24/11/2022,Presupuestos Generales del Estado,Sección 24 (Ministerio de Cultura y Deporte)  null,"Muñoz Vidal, María",GCs,No,37,253,3,56,https://www.congreso.es/es/busqueda-de-iniciativas?p_p_id=iniciativas&p_p_lifecycle=0&p_p_state=normal&p_p_mode=view&_iniciativas_mode=mostrarDetalle&_iniciativas_legislatura=XIV&_iniciativas_id=121/000125
24/11/2022,Presupuestos Generales del Estado,Sección 24 (Ministerio de Cultura y Deporte)  null,"Jover Díaz, Antonia",GCUP-EC-GC,No,37,253,3,56,https://www.congreso.es/es/busqueda-de-iniciativas?p_p_id=iniciativas&p_p_lifecycle=0&p_p_state=normal&p_p_mode=view&_iniciativas_mode=mostrarDetalle&_iniciativas_legislatura=XIV&_iniciativas_id=121/000125
24/11/2022,Presupuestos Generales del Estado,Sección 24 (Ministerio de Cultura y Deporte)  null,"Muñoz Dalda, Lucía",GCUP-EC-GC,No,37,253,3,56,https://www.congreso.es/es/busqueda-de-iniciativas?p_p_id=iniciativas&p_p_lifecycle=0&p_p_state=normal&p_p_mode=view&_iniciativas_mode=mostrarDetalle&_iniciativas_legislatura=XIV&_iniciativas_id=121/000125
24/11/2022,Presupuestos Generales del Estado,Sección 24 (Ministerio de Cultura y Deporte)  null,"Mayoral Perales, Rafael",GCUP-EC-GC,No,37,253,3,56,https://www.congreso.es/es/busqueda-de-iniciativas?p_p_id=iniciativas&p_p_lifecycle=0&p_p_state=normal&p_p_mode=view&_iniciativas_mode=mostrarDetalle&_iniciativas_legislatura=XIV&_iniciativas_id=121/000125
24/11/2022,Presupuestos Generales del Estado,Sección 24 (Ministerio de Cultura y Deporte)  null,"Moneo Díez, María Sandra",GP,No,37,253,3,56,https://www.congreso.es/es/busqueda-de-iniciativas?p_p_id=iniciativas&p_p_lifecycle=0&p_p_state=normal&p_p_mode=view&_iniciativas_mode=mostrarDetalle&_iniciativas_legislatura=XIV&_iniciativas_id=121/000125
24/11/2022,Presupuestos Generales del Estado,Sección 24 (Ministerio de Cultura y Deporte)  null,"Mariscal Anaya, Guillermo",GP,No,37,253,3,56,https://www.congreso.es/es/busqueda-de-iniciativas?p_p_id=iniciativas&p_p_lifecycle=0&p_p_state=normal&p_p_mode=view&_iniciativas_mode=mostrarDetalle&_iniciativas_legislatura=XIV&_iniciativas_id=121/000125
24/11/2022,Presupuestos Generales del Estado,Sección 24 (Ministerio de Cultura y Deporte)  null,"Martínez Ferro, María Valentina",GP,No,37,253,3,56,https://www.congreso.es/es/busqueda-de-iniciativas?p_p_id=iniciativas&p_p_lifecycle=0&p_p_state=normal&p_p_mode=view&_iniciativas_mode=mostrarDetalle&_iniciativas_legislatura=XIV&_iniciativas_id=121/000125
24/11/2022,Presupuestos Generales del Estado,Sección 24 (Ministerio de Cultura y Deporte)  null,"Durán Peralta, José Carlos",GS,No,37,253,3,56,https://www.congreso.es/es/busqueda-de-iniciativas?p_p_id=iniciativas&p_p_lifecycle=0&p_p_state=normal&p_p_mode=view&_iniciativas_mode=mostrarDetalle&_iniciativas_legislatura=XIV&_iniciativas_id=121/000125
24/11/2022,Presupuestos Generales del Estado,Sección 24 (Ministerio de Cultura y Deporte)  null,"López Cano, Ignacio",GS,No,37,253,3,56,https://www.congreso.es/es/busqueda-de-iniciativas?p_p_id=iniciativas&p_p_lifecycle=0&p_p_state=normal&p_p_mode=view&_iniciativas_mode=mostrarDetalle&_iniciativas_legislatura=XIV&_iniciativas_id=121/000125
24/11/2022,Presupuestos Generales del Estado,Sección 24 (Ministerio de Cultura y Deporte)  null,"Guijarro García, Txema",GCUP-EC-GC,No,37,253,3,56,https://www.congreso.es/es/busqueda-de-iniciativas?p_p_id=iniciativas&p_p_lifecycle=0&p_p_state=normal&p_p_mode=view&_iniciativas_mode=mostrarDetalle&_iniciativas_legislatura=XIV&_iniciativas_id=121/000125
24/11/2022,Presupuestos Generales del Estado,Sección 24 (Ministerio de Cultura y Deporte)  null,"Montesinos de Miguel, Macarena",GP,No,37,253,3,56,https://www.congreso.es/es/busqueda-de-iniciativas?p_p_id=iniciativas&p_p_lifecycle=0&p_p_state=normal&p_p_mode=view&_iniciativas_mode=mostrarDetalle&_iniciativas_legislatura=XIV&_iniciativas_id=121/000125
24/11/2022,Presupuestos Generales del Estado,Sección 24 (Ministerio de Cultura y Deporte)  null,"Casares Hontañón, Pedro",GS,No,37,253,3,56,https://www.congreso.es/es/busqueda-de-iniciativas?p_p_id=iniciativas&p_p_lifecycle=0&p_p_state=normal&p_p_mode=view&_iniciativas_mode=mostrarDetalle&_iniciativas_legislatura=XIV&_iniciativas_id=121/000125
24/11/2022,Presupuestos Generales del Estado,Sección 24 (Ministerio de Cultura y Deporte)  null,"Saavedra Muñoz, Marisa",GCUP-EC-GC,No,37,253,3,56,https://www.congreso.es/es/busqueda-de-iniciativas?p_p_id=iniciativas&p_p_lifecycle=0&p_p_state=normal&p_p_mode=view&_iniciativas_mode=mostrarDetalle&_iniciativas_legislatura=XIV&_iniciativas_id=121/000125
24/11/2022,Presupuestos Generales del Estado,Sección 24 (Ministerio de Cultura y Deporte)  null,"Cortés Gómez, Ismael",GCUP-EC-GC,No,37,253,3,56,https://www.congreso.es/es/busqueda-de-iniciativas?p_p_id=iniciativas&p_p_lifecycle=0&p_p_state=normal&p_p_mode=view&_iniciativas_mode=mostrarDetalle&_iniciativas_legislatura=XIV&_iniciativas_id=121/000125
24/11/2022,Presupuestos Generales del Estado,Sección 24 (Ministerio de Cultura y Deporte)  null,"Leal Fernández, Isaura",GS,No,37,253,3,56,https://www.congreso.es/es/busqueda-de-iniciativas?p_p_id=iniciativas&p_p_lifecycle=0&p_p_state=normal&p_p_mode=view&_iniciativas_mode=mostrarDetalle&_iniciativas_legislatura=XIV&_iniciativas_id=121/000125
24/11/2022,Presupuestos Generales del Estado,Sección 24 (Ministerio de Cultura y Deporte)  null,"Losada Fernández, José",GS,No,37,253,3,56,https://www.congreso.es/es/busqueda-de-iniciativas?p_p_id=iniciativas&p_p_lifecycle=0&p_p_state=normal&p_p_mode=view&_iniciativas_mode=mostrarDetalle&_iniciativas_legislatura=XIV&_iniciativas_id=121/000125
24/11/2022,Presupuestos Generales del Estado,Sección 24 (Ministerio de Cultura y Deporte)  null,"Anguita Pérez, Omar",GS,No,37,253,3,56,https://www.congreso.es/es/busqueda-de-iniciativas?p_p_id=iniciativas&p_p_lifecycle=0&p_p_state=normal&p_p_mode=view&_iniciativas_mode=mostrarDetalle&_iniciativas_legislatura=XIV&_iniciativas_id=121/000125
24/11/2022,Presupuestos Generales del Estado,Sección 24 (Ministerio de Cultura y Deporte)  null,"Medel Pérez, Rosa María",GCUP-EC-GC,No,37,253,3,56,https://www.congreso.es/es/busqueda-de-iniciativas?p_p_id=iniciativas&p_p_lifecycle=0&p_p_state=normal&p_p_mode=view&_iniciativas_mode=mostrarDetalle&_iniciativas_legislatura=XIV&_iniciativas_id=121/000125
24/11/2022,Presupuestos Generales del Estado,Sección 24 (Ministerio de Cultura y Deporte)  null,"Guerra López, Sonia",GS,No,37,253,3,56,https://www.congreso.es/es/busqueda-de-iniciativas?p_p_id=iniciativas&p_p_lifecycle=0&p_p_state=normal&p_p_mode=view&_iniciativas_mode=mostrarDetalle&_iniciativas_legislatura=XIV&_iniciativas_id=121/000125
24/11/2022,Presupuestos Generales del Estado,Sección 24 (Ministerio de Cultura y Deporte)  null,"Gutiérrez Salinas, Indalecio",GS,No,37,253,3,56,https://www.congreso.es/es/busqueda-de-iniciativas?p_p_id=iniciativas&p_p_lifecycle=0&p_p_state=normal&p_p_mode=view&_iniciativas_mode=mostrarDetalle&_iniciativas_legislatura=XIV&_iniciativas_id=121/000125
24/11/2022,Presupuestos Generales del Estado,Sección 24 (Ministerio de Cultura y Deporte)  null,"Fuentes Curbelo, Juan Bernardo",GS,No,37,253,3,56,https://www.congreso.es/es/busqueda-de-iniciativas?p_p_id=iniciativas&p_p_lifecycle=0&p_p_state=normal&p_p_mode=view&_iniciativas_mode=mostrarDetalle&_iniciativas_legislatura=XIV&_iniciativas_id=121/000125
24/11/2022,Presupuestos Generales del Estado,Sección 24 (Ministerio de Cultura y Deporte)  null,"Del Valle de Iscar, Julio",GS,No,37,253,3,56,https://www.congreso.es/es/busqueda-de-iniciativas?p_p_id=iniciativas&p_p_lifecycle=0&p_p_state=normal&p_p_mode=view&_iniciativas_mode=mostrarDetalle&_iniciativas_legislatura=XIV&_iniciativas_id=121/000125
24/11/2022,Presupuestos Generales del Estado,Sección 24 (Ministerio de Cultura y Deporte)  null,"José Vélez, Rafael",GS,No,37,253,3,56,https://www.congreso.es/es/busqueda-de-iniciativas?p_p_id=iniciativas&p_p_lifecycle=0&p_p_state=normal&p_p_mode=view&_iniciativas_mode=mostrarDetalle&_iniciativas_legislatura=XIV&_iniciativas_id=121/000125
24/11/2022,Presupuestos Generales del Estado,Sección 24 (Ministerio de Cultura y Deporte)  null,"Pedraja Sáinz, Raquel",GS,No,37,253,3,56,https://www.congreso.es/es/busqueda-de-iniciativas?p_p_id=iniciativas&p_p_lifecycle=0&p_p_state=normal&p_p_mode=view&_iniciativas_mode=mostrarDetalle&_iniciativas_legislatura=XIV&_iniciativas_id=121/000125
24/11/2022,Presupuestos Generales del Estado,Sección 24 (Ministerio de Cultura y Deporte)  null,"López Somoza, Gema",GS,No,37,253,3,56,https://www.congreso.es/es/busqueda-de-iniciativas?p_p_id=iniciativas&p_p_lifecycle=0&p_p_state=normal&p_p_mode=view&_iniciativas_mode=mostrarDetalle&_iniciativas_legislatura=XIV&_iniciativas_id=121/000125
24/11/2022,Presupuestos Generales del Estado,Sección 24 (Ministerio de Cultura y Deporte)  null,"Araujo Morales, Gemma",GS,No,37,253,3,56,https://www.congreso.es/es/busqueda-de-iniciativas?p_p_id=iniciativas&p_p_lifecycle=0&p_p_state=normal&p_p_mode=view&_iniciativas_mode=mostrarDetalle&_iniciativas_legislatura=XIV&_iniciativas_id=121/000125
24/11/2022,Presupuestos Generales del Estado,Sección 24 (Ministerio de Cultura y Deporte)  null,"Baños Ruiz, Carmen",GS,No,37,253,3,56,https://www.congreso.es/es/busqueda-de-iniciativas?p_p_id=iniciativas&p_p_lifecycle=0&p_p_state=normal&p_p_mode=view&_iniciativas_mode=mostrarDetalle&_iniciativas_legislatura=XIV&_iniciativas_id=121/000125
24/11/2022,Presupuestos Generales del Estado,Sección 24 (Ministerio de Cultura y Deporte)  null,"Navalpotro Gómez, Julio",GS,No,37,253,3,56,https://www.congreso.es/es/busqueda-de-iniciativas?p_p_id=iniciativas&p_p_lifecycle=0&p_p_state=normal&p_p_mode=view&_iniciativas_mode=mostrarDetalle&_iniciativas_legislatura=XIV&_iniciativas_id=121/000125
24/11/2022,Presupuestos Generales del Estado,Sección 24 (Ministerio de Cultura y Deporte)  null,"Senderos Oraá, Daniel",GS,No,37,253,3,56,https://www.congreso.es/es/busqueda-de-iniciativas?p_p_id=iniciativas&p_p_lifecycle=0&p_p_state=normal&p_p_mode=view&_iniciativas_mode=mostrarDetalle&_iniciativas_legislatura=XIV&_iniciativas_id=121/000125
24/11/2022,Presupuestos Generales del Estado,Sección 24 (Ministerio de Cultura y Deporte)  null,"Ortega Domínguez, José Ramón",GS,No,37,253,3,56,https://www.congreso.es/es/busqueda-de-iniciativas?p_p_id=iniciativas&p_p_lifecycle=0&p_p_state=normal&p_p_mode=view&_iniciativas_mode=mostrarDetalle&_iniciativas_legislatura=XIV&_iniciativas_id=121/000125
24/11/2022,Presupuestos Generales del Estado,Sección 24 (Ministerio de Cultura y Deporte)  null,"Arribas Maroto, Manuel",GS,No,37,253,3,56,https://www.congreso.es/es/busqueda-de-iniciativas?p_p_id=iniciativas&p_p_lifecycle=0&p_p_state=normal&p_p_mode=view&_iniciativas_mode=mostrarDetalle&_iniciativas_legislatura=XIV&_iniciativas_id=121/000125
24/11/2022,Presupuestos Generales del Estado,Sección 24 (Ministerio de Cultura y Deporte)  null,"Oria López, María Inmaculada",GS,No,37,253,3,56,https://www.congreso.es/es/busqueda-de-iniciativas?p_p_id=iniciativas&p_p_lifecycle=0&p_p_state=normal&p_p_mode=view&_iniciativas_mode=mostrarDetalle&_iniciativas_legislatura=XIV&_iniciativas_id=121/000125
24/11/2022,Presupuestos Generales del Estado,Sección 24 (Ministerio de Cultura y Deporte)  null,"Azorín Salar, Lázaro",GS,No,37,253,3,56,https://www.congreso.es/es/busqueda-de-iniciativas?p_p_id=iniciativas&p_p_lifecycle=0&p_p_state=normal&p_p_mode=view&_iniciativas_mode=mostrarDetalle&_iniciativas_legislatura=XIV&_iniciativas_id=121/000125
24/11/2022,Presupuestos Generales del Estado,Sección 24 (Ministerio de Cultura y Deporte)  null,"Hurtado Zurera, Antonio",GS,No,37,253,3,56,https://www.congreso.es/es/busqueda-de-iniciativas?p_p_id=iniciativas&p_p_lifecycle=0&p_p_state=normal&p_p_mode=view&_iniciativas_mode=mostrarDetalle&_iniciativas_legislatura=XIV&_iniciativas_id=121/000125
24/11/2022,Presupuestos Generales del Estado,Sección 24 (Ministerio de Cultura y Deporte)  null,"Taibo Monelos, Diego",GS,No,37,253,3,56,https://www.congreso.es/es/busqueda-de-iniciativas?p_p_id=iniciativas&p_p_lifecycle=0&p_p_state=normal&p_p_mode=view&_iniciativas_mode=mostrarDetalle&_iniciativas_legislatura=XIV&_iniciativas_id=121/000125
24/11/2022,Presupuestos Generales del Estado,Sección 24 (Ministerio de Cultura y Deporte)  null,"Tizón Vázquez, Uxía",GS,No,37,253,3,56,https://www.congreso.es/es/busqueda-de-iniciativas?p_p_id=iniciativas&p_p_lifecycle=0&p_p_state=normal&p_p_mode=view&_iniciativas_mode=mostrarDetalle&_iniciativas_legislatura=XIV&_iniciativas_id=121/000125
24/11/2022,Presupuestos Generales del Estado,Sección 24 (Ministerio de Cultura y Deporte)  null,"Gutiérrez Vivas, Miguel Ángel",GCs,No,37,253,3,56,https://www.congreso.es/es/busqueda-de-iniciativas?p_p_id=iniciativas&p_p_lifecycle=0&p_p_state=normal&p_p_mode=view&_iniciativas_mode=mostrarDetalle&_iniciativas_legislatura=XIV&_iniciativas_id=121/000125
24/11/2022,Presupuestos Generales del Estado,Sección 24 (Ministerio de Cultura y Deporte)  null,"Elorriaga Pisarik, Gabriel",GP,No,37,253,3,56,https://www.congreso.es/es/busqueda-de-iniciativas?p_p_id=iniciativas&p_p_lifecycle=0&p_p_state=normal&p_p_mode=view&_iniciativas_mode=mostrarDetalle&_iniciativas_legislatura=XIV&_iniciativas_id=121/000125
24/11/2022,Presupuestos Generales del Estado,Sección 24 (Ministerio de Cultura y Deporte)  null,"Constenla Carbón, Juan Manuel",GP,No,37,253,3,56,https://www.congreso.es/es/busqueda-de-iniciativas?p_p_id=iniciativas&p_p_lifecycle=0&p_p_state=normal&p_p_mode=view&_iniciativas_mode=mostrarDetalle&_iniciativas_legislatura=XIV&_iniciativas_id=121/000125
24/11/2022,Presupuestos Generales del Estado,Sección 24 (Ministerio de Cultura y Deporte)  null,"Pérez Merino, María Mercedes",GCUP-EC-GC,No,37,253,3,56,https://www.congreso.es/es/busqueda-de-iniciativas?p_p_id=iniciativas&p_p_lifecycle=0&p_p_state=normal&p_p_mode=view&_iniciativas_mode=mostrarDetalle&_iniciativas_legislatura=XIV&_iniciativas_id=121/000125
24/11/2022,Presupuestos Generales del Estado,Sección 24 (Ministerio de Cultura y Deporte)  null,"López-Bas Valero, Juan Ignacio",GCs,No,37,253,3,56,https://www.congreso.es/es/busqueda-de-iniciativas?p_p_id=iniciativas&p_p_lifecycle=0&p_p_state=normal&p_p_mode=view&_iniciativas_mode=mostrarDetalle&_iniciativas_legislatura=XIV&_iniciativas_id=121/000125
24/11/2022,Presupuestos Generales del Estado,Sección 24 (Ministerio de Cultura y Deporte)  null,"González Laso, Natividad",GS,No,37,253,3,56,https://www.congreso.es/es/busqueda-de-iniciativas?p_p_id=iniciativas&p_p_lifecycle=0&p_p_state=normal&p_p_mode=view&_iniciativas_mode=mostrarDetalle&_iniciativas_legislatura=XIV&_iniciativas_id=121/000125
24/11/2022,Presupuestos Generales del Estado,Sección 24 (Ministerio de Cultura y Deporte)  null,"Tarno Blanco, Ricardo",GP,No,37,253,3,56,https://www.congreso.es/es/busqueda-de-iniciativas?p_p_id=iniciativas&p_p_lifecycle=0&p_p_state=normal&p_p_mode=view&_iniciativas_mode=mostrarDetalle&_iniciativas_legislatura=XIV&_iniciativas_id=121/000125
24/11/2022,Presupuestos Generales del Estado,Sección 24 (Ministerio de Cultura y Deporte)  null,"Díaz Rodríguez, José Carlos",GS,No,37,253,3,56,https://www.congreso.es/es/busqueda-de-iniciativas?p_p_id=iniciativas&p_p_lifecycle=0&p_p_state=normal&p_p_mode=view&_iniciativas_mode=mostrarDetalle&_iniciativas_legislatura=XIV&_iniciativas_id=121/000125
24/11/2022,Presupuestos Generales del Estado,Sección 24 (Ministerio de Cultura y Deporte)  null,"Manglano Albacar, Percival",GP,No,37,253,3,56,https://www.congreso.es/es/busqueda-de-iniciativas?p_p_id=iniciativas&p_p_lifecycle=0&p_p_state=normal&p_p_mode=view&_iniciativas_mode=mostrarDetalle&_iniciativas_legislatura=XIV&_iniciativas_id=121/000125
24/11/2022,Presupuestos Generales del Estado,Sección 24 (Ministerio de Cultura y Deporte)  null,"González Muñoz, Ángel Luis",GP,No,37,253,3,56,https://www.congreso.es/es/busqueda-de-iniciativas?p_p_id=iniciativas&p_p_lifecycle=0&p_p_state=normal&p_p_mode=view&_iniciativas_mode=mostrarDetalle&_iniciativas_legislatura=XIV&_iniciativas_id=121/000125
24/11/2022,Presupuestos Generales del Estado,Sección 24 (Ministerio de Cultura y Deporte)  null,"Bueno Pinto, José Luis",GCUP-EC-GC,No,37,253,3,56,https://www.congreso.es/es/busqueda-de-iniciativas?p_p_id=iniciativas&p_p_lifecycle=0&p_p_state=normal&p_p_mode=view&_iniciativas_mode=mostrarDetalle&_iniciativas_legislatura=XIV&_iniciativas_id=121/000125
24/11/2022,Presupuestos Generales del Estado,Sección 24 (Ministerio de Cultura y Deporte)  null,"Fernández Pérez, María",GMx,No,37,253,3,56,https://www.congreso.es/es/busqueda-de-iniciativas?p_p_id=iniciativas&p_p_lifecycle=0&p_p_state=normal&p_p_mode=view&_iniciativas_mode=mostrarDetalle&_iniciativas_legislatura=XIV&_iniciativas_id=121/000125
24/11/2022,Presupuestos Generales del Estado,Sección 24 (Ministerio de Cultura y Deporte)  null,"Pérez Recuerda, Isabel Gema",GP,No,37,253,3,56,https://www.congreso.es/es/busqueda-de-iniciativas?p_p_id=iniciativas&p_p_lifecycle=0&p_p_state=normal&p_p_mode=view&_iniciativas_mode=mostrarDetalle&_iniciativas_legislatura=XIV&_iniciativas_id=121/000125
24/11/2022,Presupuestos Generales del Estado,Sección 24 (Ministerio de Cultura y Deporte)  null,"Romaní Cantera, José Ignacio",GP,No,37,253,3,56,https://www.congreso.es/es/busqueda-de-iniciativas?p_p_id=iniciativas&p_p_lifecycle=0&p_p_state=normal&p_p_mode=view&_iniciativas_mode=mostrarDetalle&_iniciativas_legislatura=XIV&_iniciativas_id=121/000125
24/11/2022,Presupuestos Generales del Estado,Sección 24 (Ministerio de Cultura y Deporte)  null,"Zapata Simón, Aurelio",GS,No,37,253,3,56,https://www.congreso.es/es/busqueda-de-iniciativas?p_p_id=iniciativas&p_p_lifecycle=0&p_p_state=normal&p_p_mode=view&_iniciativas_mode=mostrarDetalle&_iniciativas_legislatura=XIV&_iniciativas_id=121/000125
24/11/2022,Presupuestos Generales del Estado,Sección 24 (Ministerio de Cultura y Deporte)  null,"García Nieto, Ezequiel",GCUP-EC-GC,No,37,253,3,56,https://www.congreso.es/es/busqueda-de-iniciativas?p_p_id=iniciativas&p_p_lifecycle=0&p_p_state=normal&p_p_mode=view&_iniciativas_mode=mostrarDetalle&_iniciativas_legislatura=XIV&_iniciativas_id=121/000125
24/11/2022,Presupuestos Generales del Estado,Sección 24 (Ministerio de Cultura y Deporte)  null,"Pita Cárdenes, María del Carmen",GMx,Sí,37,253,3,56,https://www.congreso.es/es/busqueda-de-iniciativas?p_p_id=iniciativas&p_p_lifecycle=0&p_p_state=normal&p_p_mode=view&_iniciativas_mode=mostrarDetalle&_iniciativas_legislatura=XIV&_iniciativas_id=121/000125
24/11/2022,Presupuestos Generales del Estado,Sección 24 (Ministerio de Cultura y Deporte)  null,"Margall Sastre, Joan",GR,Sí,37,253,3,56,https://www.congreso.es/es/busqueda-de-iniciativas?p_p_id=iniciativas&p_p_lifecycle=0&p_p_state=normal&p_p_mode=view&_iniciativas_mode=mostrarDetalle&_iniciativas_legislatura=XIV&_iniciativas_id=121/000125
24/11/2022,Presupuestos Generales del Estado,Sección 24 (Ministerio de Cultura y Deporte)  null,"Bassa Coll, Montserrat",GR,Sí,37,253,3,56,https://www.congreso.es/es/busqueda-de-iniciativas?p_p_id=iniciativas&p_p_lifecycle=0&p_p_state=normal&p_p_mode=view&_iniciativas_mode=mostrarDetalle&_iniciativas_legislatura=XIV&_iniciativas_id=121/000125
24/11/2022,Presupuestos Generales del Estado,Sección 24 (Ministerio de Cultura y Deporte)  null,"Baldoví Roda, Joan",GPlu,Sí,37,253,3,56,https://www.congreso.es/es/busqueda-de-iniciativas?p_p_id=iniciativas&p_p_lifecycle=0&p_p_state=normal&p_p_mode=view&_iniciativas_mode=mostrarDetalle&_iniciativas_legislatura=XIV&_iniciativas_id=121/000125
24/11/2022,Presupuestos Generales del Estado,Sección 24 (Ministerio de Cultura y Deporte)  null,"Pagès i Massó, Josep",GPlu,Sí,37,253,3,56,https://www.congreso.es/es/busqueda-de-iniciativas?p_p_id=iniciativas&p_p_lifecycle=0&p_p_state=normal&p_p_mode=view&_iniciativas_mode=mostrarDetalle&_iniciativas_legislatura=XIV&_iniciativas_id=121/000125
24/11/2022,Presupuestos Generales del Estado,Sección 24 (Ministerio de Cultura y Deporte)  null,"Calvo Gómez, Pilar",GPlu,Sí,37,253,3,56,https://www.congreso.es/es/busqueda-de-iniciativas?p_p_id=iniciativas&p_p_lifecycle=0&p_p_state=normal&p_p_mode=view&_iniciativas_mode=mostrarDetalle&_iniciativas_legislatura=XIV&_iniciativas_id=121/000125
24/11/2022,Presupuestos Generales del Estado,Sección 24 (Ministerio de Cultura y Deporte)  null,"Álvarez i García, Gerard",GR,Sí,37,253,3,56,https://www.congreso.es/es/busqueda-de-iniciativas?p_p_id=iniciativas&p_p_lifecycle=0&p_p_state=normal&p_p_mode=view&_iniciativas_mode=mostrarDetalle&_iniciativas_legislatura=XIV&_iniciativas_id=121/000125
24/11/2022,Presupuestos Generales del Estado,Sección 24 (Ministerio de Cultura y Deporte)  null,"Bel Accensi, Ferran",GPlu,Sí,37,253,3,56,https://www.congreso.es/es/busqueda-de-iniciativas?p_p_id=iniciativas&p_p_lifecycle=0&p_p_state=normal&p_p_mode=view&_iniciativas_mode=mostrarDetalle&_iniciativas_legislatura=XIV&_iniciativas_id=121/000125
24/11/2022,Presupuestos Generales del Estado,Sección 24 (Ministerio de Cultura y Deporte)  null,"Cañadell Salvia, Concep",GPlu,Sí,37,253,3,56,https://www.congreso.es/es/busqueda-de-iniciativas?p_p_id=iniciativas&p_p_lifecycle=0&p_p_state=normal&p_p_mode=view&_iniciativas_mode=mostrarDetalle&_iniciativas_legislatura=XIV&_iniciativas_id=121/000125
24/11/2022,Presupuestos Generales del Estado,Sección 24 (Ministerio de Cultura y Deporte)  null,"Illamola Dausà, Mariona",GPlu,Sí,37,253,3,56,https://www.congreso.es/es/busqueda-de-iniciativas?p_p_id=iniciativas&p_p_lifecycle=0&p_p_state=normal&p_p_mode=view&_iniciativas_mode=mostrarDetalle&_iniciativas_legislatura=XIV&_iniciativas_id=121/000125
24/11/2022,Presupuestos Generales del Estado,Sección 24 (Ministerio de Cultura y Deporte)  null,"Miquel i Valentí, Sergi",GPlu,Sí,37,253,3,56,https://www.congreso.es/es/busqueda-de-iniciativas?p_p_id=iniciativas&p_p_lifecycle=0&p_p_state=normal&p_p_mode=view&_iniciativas_mode=mostrarDetalle&_iniciativas_legislatura=XIV&_iniciativas_id=121/000125
24/11/2022,Presupuestos Generales del Estado,Sección 24 (Ministerio de Cultura y Deporte)  null,"Boadella Esteve, Genís",GPlu,Sí,37,253,3,56,https://www.congreso.es/es/busqueda-de-iniciativas?p_p_id=iniciativas&p_p_lifecycle=0&p_p_state=normal&p_p_mode=view&_iniciativas_mode=mostrarDetalle&_iniciativas_legislatura=XIV&_iniciativas_id=121/000125
24/11/2022,Presupuestos Generales del Estado,Sección 24 (Ministerio de Cultura y Deporte)  null,"Nogueras i Camero, Míriam",GPlu,Sí,37,253,3,56,https://www.congreso.es/es/busqueda-de-iniciativas?p_p_id=iniciativas&p_p_lifecycle=0&p_p_state=normal&p_p_mode=view&_iniciativas_mode=mostrarDetalle&_iniciativas_legislatura=XIV&_iniciativas_id=121/000125
24/11/2022,Presupuestos Generales del Estado,Sección 24 (Ministerio de Cultura y Deporte)  null,"Rego Candamil, Néstor",GPlu,Sí,37,253,3,56,https://www.congreso.es/es/busqueda-de-iniciativas?p_p_id=iniciativas&p_p_lifecycle=0&p_p_state=normal&p_p_mode=view&_iniciativas_mode=mostrarDetalle&_iniciativas_legislatura=XIV&_iniciativas_id=121/000125
24/11/2022,Presupuestos Generales del Estado,Sección 24 (Ministerio de Cultura y Deporte)  null,"Iñarritu García, Jon",GEH Bildu,Sí,37,253,3,56,https://www.congreso.es/es/busqueda-de-iniciativas?p_p_id=iniciativas&p_p_lifecycle=0&p_p_state=normal&p_p_mode=view&_iniciativas_mode=mostrarDetalle&_iniciativas_legislatura=XIV&_iniciativas_id=121/000125
24/11/2022,Presupuestos Generales del Estado,Sección 24 (Ministerio de Cultura y Deporte)  null,"Matute García de Jalón, Oskar",GEH Bildu,Sí,37,253,3,56,https://www.congreso.es/es/busqueda-de-iniciativas?p_p_id=iniciativas&p_p_lifecycle=0&p_p_state=normal&p_p_mode=view&_iniciativas_mode=mostrarDetalle&_iniciativas_legislatura=XIV&_iniciativas_id=121/000125
24/11/2022,Presupuestos Generales del Estado,Sección 24 (Ministerio de Cultura y Deporte)  null,"Ruiz de Pinedo Undiano, Iñaki",GEH Bildu,Sí,37,253,3,56,https://www.congreso.es/es/busqueda-de-iniciativas?p_p_id=iniciativas&p_p_lifecycle=0&p_p_state=normal&p_p_mode=view&_iniciativas_mode=mostrarDetalle&_iniciativas_legislatura=XIV&_iniciativas_id=121/000125
24/11/2022,Presupuestos Generales del Estado,Sección 24 (Ministerio de Cultura y Deporte)  null,"Pozueta Fernández, Isabel",GEH Bildu,Sí,37,253,3,56,https://www.congreso.es/es/busqueda-de-iniciativas?p_p_id=iniciativas&p_p_lifecycle=0&p_p_state=normal&p_p_mode=view&_iniciativas_mode=mostrarDetalle&_iniciativas_legislatura=XIV&_iniciativas_id=121/000125
24/11/2022,Presupuestos Generales del Estado,Sección 24 (Ministerio de Cultura y Deporte)  null,"Aizpurua Arzallus, Mertxe",GEH Bildu,Sí,37,253,3,56,https://www.congreso.es/es/busqueda-de-iniciativas?p_p_id=iniciativas&p_p_lifecycle=0&p_p_state=normal&p_p_mode=view&_iniciativas_mode=mostrarDetalle&_iniciativas_legislatura=XIV&_iniciativas_id=121/000125
24/11/2022,Presupuestos Generales del Estado,Sección 24 (Ministerio de Cultura y Deporte)  null,"Vehí Cantenys, Mireia",GMx,Sí,37,253,3,56,https://www.congreso.es/es/busqueda-de-iniciativas?p_p_id=iniciativas&p_p_lifecycle=0&p_p_state=normal&p_p_mode=view&_iniciativas_mode=mostrarDetalle&_iniciativas_legislatura=XIV&_iniciativas_id=121/000125
24/11/2022,Presupuestos Generales del Estado,Sección 24 (Ministerio de Cultura y Deporte)  null,"Botran Pahissa, Albert",GMx,Sí,37,253,3,56,https://www.congreso.es/es/busqueda-de-iniciativas?p_p_id=iniciativas&p_p_lifecycle=0&p_p_state=normal&p_p_mode=view&_iniciativas_mode=mostrarDetalle&_iniciativas_legislatura=XIV&_iniciativas_id=121/000125
24/11/2022,Presupuestos Generales del Estado,Sección 24 (Ministerio de Cultura y Deporte)  null,"Vallugera Balañà, Pilar",GR,Sí,37,253,3,56,https://www.congreso.es/es/busqueda-de-iniciativas?p_p_id=iniciativas&p_p_lifecycle=0&p_p_state=normal&p_p_mode=view&_iniciativas_mode=mostrarDetalle&_iniciativas_legislatura=XIV&_iniciativas_id=121/000125
24/11/2022,Presupuestos Generales del Estado,Sección 24 (Ministerio de Cultura y Deporte)  null,"Esteban Bravo, Aitor",GV (EAJ-PNV),Sí,37,253,3,56,https://www.congreso.es/es/busqueda-de-iniciativas?p_p_id=iniciativas&p_p_lifecycle=0&p_p_state=normal&p_p_mode=view&_iniciativas_mode=mostrarDetalle&_iniciativas_legislatura=XIV&_iniciativas_id=121/000125
24/11/2022,Presupuestos Generales del Estado,Sección 24 (Ministerio de Cultura y Deporte)  null,"Legarda Uriarte, Mikel",GV (EAJ-PNV),Sí,37,253,3,56,https://www.congreso.es/es/busqueda-de-iniciativas?p_p_id=iniciativas&p_p_lifecycle=0&p_p_state=normal&p_p_mode=view&_iniciativas_mode=mostrarDetalle&_iniciativas_legislatura=XIV&_iniciativas_id=121/000125
24/11/2022,Presupuestos Generales del Estado,Sección 24 (Ministerio de Cultura y Deporte)  null,"Gorospe Elezcano, Josune",GV (EAJ-PNV),Sí,37,253,3,56,https://www.congreso.es/es/busqueda-de-iniciativas?p_p_id=iniciativas&p_p_lifecycle=0&p_p_state=normal&p_p_mode=view&_iniciativas_mode=mostrarDetalle&_iniciativas_legislatura=XIV&_iniciativas_id=121/000125
24/11/2022,Presupuestos Generales del Estado,Sección 24 (Ministerio de Cultura y Deporte)  null,"Barandiaran Benito, Íñigo",GV (EAJ-PNV),Sí,37,253,3,56,https://www.congreso.es/es/busqueda-de-iniciativas?p_p_id=iniciativas&p_p_lifecycle=0&p_p_state=normal&p_p_mode=view&_iniciativas_mode=mostrarDetalle&_iniciativas_legislatura=XIV&_iniciativas_id=121/000125
24/11/2022,Presupuestos Generales del Estado,Sección 24 (Ministerio de Cultura y Deporte)  null,"Sagastizabal Unzetabarrenetxea, Idoia",GV (EAJ-PNV),Sí,37,253,3,56,https://www.congreso.es/es/busqueda-de-iniciativas?p_p_id=iniciativas&p_p_lifecycle=0&p_p_state=normal&p_p_mode=view&_iniciativas_mode=mostrarDetalle&_iniciativas_legislatura=XIV&_iniciativas_id=121/000125
24/11/2022,Presupuestos Generales del Estado,Sección 24 (Ministerio de Cultura y Deporte)  null,"Agirretxea Urresti, Joseba Andoni",GV (EAJ-PNV),Sí,37,253,3,56,https://www.congreso.es/es/busqueda-de-iniciativas?p_p_id=iniciativas&p_p_lifecycle=0&p_p_state=normal&p_p_mode=view&_iniciativas_mode=mostrarDetalle&_iniciativas_legislatura=XIV&_iniciativas_id=121/000125
24/11/2022,Presupuestos Generales del Estado,Sección 24 (Ministerio de Cultura y Deporte)  null,"Capdevila i Esteve, Joan",GR,Sí,37,253,3,56,https://www.congreso.es/es/busqueda-de-iniciativas?p_p_id=iniciativas&p_p_lifecycle=0&p_p_state=normal&p_p_mode=view&_iniciativas_mode=mostrarDetalle&_iniciativas_legislatura=XIV&_iniciativas_id=121/000125
24/11/2022,Presupuestos Generales del Estado,Sección 24 (Ministerio de Cultura y Deporte)  null,"Granollers Cunillera, Inés",GR,Sí,37,253,3,56,https://www.congreso.es/es/busqueda-de-iniciativas?p_p_id=iniciativas&p_p_lifecycle=0&p_p_state=normal&p_p_mode=view&_iniciativas_mode=mostrarDetalle&_iniciativas_legislatura=XIV&_iniciativas_id=121/000125
24/11/2022,Presupuestos Generales del Estado,Sección 24 (Ministerio de Cultura y Deporte)  null,"Salvador i Duch, Jordi",GR,Sí,37,253,3,56,https://www.congreso.es/es/busqueda-de-iniciativas?p_p_id=iniciativas&p_p_lifecycle=0&p_p_state=normal&p_p_mode=view&_iniciativas_mode=mostrarDetalle&_iniciativas_legislatura=XIV&_iniciativas_id=121/000125
24/11/2022,Presupuestos Generales del Estado,Sección 24 (Ministerio de Cultura y Deporte)  null,"Rosique i Saltor, Marta",GR,Sí,37,253,3,56,https://www.congreso.es/es/busqueda-de-iniciativas?p_p_id=iniciativas&p_p_lifecycle=0&p_p_state=normal&p_p_mode=view&_iniciativas_mode=mostrarDetalle&_iniciativas_legislatura=XIV&_iniciativas_id=121/000125
24/11/2022,Presupuestos Generales del Estado,Sección 24 (Ministerio de Cultura y Deporte)  null,"Eritja Ciuró, Francesc Xavier",GR,Sí,37,253,3,56,https://www.congreso.es/es/busqueda-de-iniciativas?p_p_id=iniciativas&p_p_lifecycle=0&p_p_state=normal&p_p_mode=view&_iniciativas_mode=mostrarDetalle&_iniciativas_legislatura=XIV&_iniciativas_id=121/000125
24/11/2022,Presupuestos Generales del Estado,Sección 24 (Ministerio de Cultura y Deporte)  null,"Rufián Romero, Gabriel",GR,Sí,37,253,3,56,https://www.congreso.es/es/busqueda-de-iniciativas?p_p_id=iniciativas&p_p_lifecycle=0&p_p_state=normal&p_p_mode=view&_iniciativas_mode=mostrarDetalle&_iniciativas_legislatura=XIV&_iniciativas_id=121/000125
24/11/2022,Presupuestos Generales del Estado,Sección 24 (Ministerio de Cultura y Deporte)  null,"Telechea i Lozano, Carolina",GR,Sí,37,253,3,56,https://www.congreso.es/es/busqueda-de-iniciativas?p_p_id=iniciativas&p_p_lifecycle=0&p_p_state=normal&p_p_mode=view&_iniciativas_mode=mostrarDetalle&_iniciativas_legislatura=XIV&_iniciativas_id=121/000125
24/11/2022,Presupuestos Generales del Estado,Sección 24 (Ministerio de Cultura y Deporte)  null,"Carvalho Dantas, María",GR,Sí,37,253,3,56,https://www.congreso.es/es/busqueda-de-iniciativas?p_p_id=iniciativas&p_p_lifecycle=0&p_p_state=normal&p_p_mode=view&_iniciativas_mode=mostrarDetalle&_iniciativas_legislatura=XIV&_iniciativas_id=121/000125
24/11/2022,Presupuestos Generales del Estado,Sección 24 (Ministerio de Cultura y Deporte)  null,"Pujol i Farré, Norma",GR,Sí,37,253,3,56,https://www.congreso.es/es/busqueda-de-iniciativas?p_p_id=iniciativas&p_p_lifecycle=0&p_p_state=normal&p_p_mode=view&_iniciativas_mode=mostrarDetalle&_iniciativas_legislatura=XIV&_iniciativas_id=121/000125
24/11/2022,Presupuestos Generales del Estado,Sección 24 (Ministerio de Cultura y Deporte)  null,"Sabanés Nadal, Inés",GPlu,Abstención,37,253,3,56,https://www.congreso.es/es/busqueda-de-iniciativas?p_p_id=iniciativas&p_p_lifecycle=0&p_p_state=normal&p_p_mode=view&_iniciativas_mode=mostrarDetalle&_iniciativas_legislatura=XIV&_iniciativas_id=121/000125
24/11/2022,Presupuestos Generales del Estado,Sección 24 (Ministerio de Cultura y Deporte)  null,"Errejón Galván, Íñigo",GPlu,Abstención,37,253,3,56,https://www.congreso.es/es/busqueda-de-iniciativas?p_p_id=iniciativas&p_p_lifecycle=0&p_p_state=normal&p_p_mode=view&_iniciativas_mode=mostrarDetalle&_iniciativas_legislatura=XIV&_iniciativas_id=121/000125
24/11/2022,Presupuestos Generales del Estado,Sección 24 (Ministerio de Cultura y Deporte)  null,"Guitarte Gimeno, Tomás",GMx,Abstención,37,253,3,56,https://www.congreso.es/es/busqueda-de-iniciativas?p_p_id=iniciativas&p_p_lifecycle=0&p_p_state=normal&p_p_mode=view&_iniciativas_mode=mostrarDetalle&_iniciativas_legislatura=XIV&_iniciativas_id=121/000125
24/11/2022,Presupuestos Generales del Estado,Sección 24 (Ministerio de Cultura y Deporte)  null,"Alcaraz Martos, Francisco José",GVOX,No vota,37,253,3,56,https://www.congreso.es/es/busqueda-de-iniciativas?p_p_id=iniciativas&p_p_lifecycle=0&p_p_state=normal&p_p_mode=view&_iniciativas_mode=mostrarDetalle&_iniciativas_legislatura=XIV&_iniciativas_id=121/000125
24/11/2022,Presupuestos Generales del Estado,Sección 24 (Ministerio de Cultura y Deporte)  null,"Zambrano García-Raez, Carlos José",GVOX,No vota,37,253,3,56,https://www.congreso.es/es/busqueda-de-iniciativas?p_p_id=iniciativas&p_p_lifecycle=0&p_p_state=normal&p_p_mode=view&_iniciativas_mode=mostrarDetalle&_iniciativas_legislatura=XIV&_iniciativas_id=121/000125
24/11/2022,Presupuestos Generales del Estado,Sección 24 (Ministerio de Cultura y Deporte)  null,"Rosety Fernández de Castro, Agustín",GVOX,No vota,37,253,3,56,https://www.congreso.es/es/busqueda-de-iniciativas?p_p_id=iniciativas&p_p_lifecycle=0&p_p_state=normal&p_p_mode=view&_iniciativas_mode=mostrarDetalle&_iniciativas_legislatura=XIV&_iniciativas_id=121/000125
24/11/2022,Presupuestos Generales del Estado,Sección 24 (Ministerio de Cultura y Deporte)  null,"Rodríguez Almeida, Andrés Alberto",GVOX,No vota,37,253,3,56,https://www.congreso.es/es/busqueda-de-iniciativas?p_p_id=iniciativas&p_p_lifecycle=0&p_p_state=normal&p_p_mode=view&_iniciativas_mode=mostrarDetalle&_iniciativas_legislatura=XIV&_iniciativas_id=121/000125
24/11/2022,Presupuestos Generales del Estado,Sección 24 (Ministerio de Cultura y Deporte)  null,"Mestre Barea, Manuel",GVOX,No vota,37,253,3,56,https://www.congreso.es/es/busqueda-de-iniciativas?p_p_id=iniciativas&p_p_lifecycle=0&p_p_state=normal&p_p_mode=view&_iniciativas_mode=mostrarDetalle&_iniciativas_legislatura=XIV&_iniciativas_id=121/000125
24/11/2022,Presupuestos Generales del Estado,Sección 24 (Ministerio de Cultura y Deporte)  null,"Vega Arias, Rubén Darío",GVOX,No vota,37,253,3,56,https://www.congreso.es/es/busqueda-de-iniciativas?p_p_id=iniciativas&p_p_lifecycle=0&p_p_state=normal&p_p_mode=view&_iniciativas_mode=mostrarDetalle&_iniciativas_legislatura=XIV&_iniciativas_id=121/000125
24/11/2022,Presupuestos Generales del Estado,Sección 24 (Ministerio de Cultura y Deporte)  null,"Sánchez Pérez-Castejón, Pedro",GS,No vota,37,253,3,56,https://www.congreso.es/es/busqueda-de-iniciativas?p_p_id=iniciativas&p_p_lifecycle=0&p_p_state=normal&p_p_mode=view&_iniciativas_mode=mostrarDetalle&_iniciativas_legislatura=XIV&_iniciativas_id=121/000125
24/11/2022,Presupuestos Generales del Estado,Sección 24 (Ministerio de Cultura y Deporte)  null,"Trías Gil, Georgina",GVOX,No vota,37,253,3,56,https://www.congreso.es/es/busqueda-de-iniciativas?p_p_id=iniciativas&p_p_lifecycle=0&p_p_state=normal&p_p_mode=view&_iniciativas_mode=mostrarDetalle&_iniciativas_legislatura=XIV&_iniciativas_id=121/000125
24/11/2022,Presupuestos Generales del Estado,Sección 24 (Ministerio de Cultura y Deporte)  null,"Sáez Alonso-Muñumer, Pablo",GVOX,No vota,37,253,3,56,https://www.congreso.es/es/busqueda-de-iniciativas?p_p_id=iniciativas&p_p_lifecycle=0&p_p_state=normal&p_p_mode=view&_iniciativas_mode=mostrarDetalle&_iniciativas_legislatura=XIV&_iniciativas_id=121/000125
24/11/2022,Presupuestos Generales del Estado,Sección 24 (Ministerio de Cultura y Deporte)  null,"Nevado del Campo, María Magdalena",GVOX,No vota,37,253,3,56,https://www.congreso.es/es/busqueda-de-iniciativas?p_p_id=iniciativas&p_p_lifecycle=0&p_p_state=normal&p_p_mode=view&_iniciativas_mode=mostrarDetalle&_iniciativas_legislatura=XIV&_iniciativas_id=121/000125
24/11/2022,Presupuestos Generales del Estado,Sección 24 (Ministerio de Cultura y Deporte)  null,"Fernández-Lomana Gutiérrez, Rafael",GVOX,No vota,37,253,3,56,https://www.congreso.es/es/busqueda-de-iniciativas?p_p_id=iniciativas&p_p_lifecycle=0&p_p_state=normal&p_p_mode=view&_iniciativas_mode=mostrarDetalle&_iniciativas_legislatura=XIV&_iniciativas_id=121/000125
24/11/2022,Presupuestos Generales del Estado,Sección 24 (Ministerio de Cultura y Deporte)  null,"Gil Lázaro, Ignacio",GVOX,No vota,37,253,3,56,https://www.congreso.es/es/busqueda-de-iniciativas?p_p_id=iniciativas&p_p_lifecycle=0&p_p_state=normal&p_p_mode=view&_iniciativas_mode=mostrarDetalle&_iniciativas_legislatura=XIV&_iniciativas_id=121/000125
24/11/2022,Presupuestos Generales del Estado,Sección 24 (Ministerio de Cultura y Deporte)  null,"Toscano de Balbín, Carla",GVOX,No vota,37,253,3,56,https://www.congreso.es/es/busqueda-de-iniciativas?p_p_id=iniciativas&p_p_lifecycle=0&p_p_state=normal&p_p_mode=view&_iniciativas_mode=mostrarDetalle&_iniciativas_legislatura=XIV&_iniciativas_id=121/000125
24/11/2022,Presupuestos Generales del Estado,Sección 24 (Ministerio de Cultura y Deporte)  null,"Esteban Calonje, Cristina Alicia",GVOX,No vota,37,253,3,56,https://www.congreso.es/es/busqueda-de-iniciativas?p_p_id=iniciativas&p_p_lifecycle=0&p_p_state=normal&p_p_mode=view&_iniciativas_mode=mostrarDetalle&_iniciativas_legislatura=XIV&_iniciativas_id=121/000125
24/11/2022,Presupuestos Generales del Estado,Sección 24 (Ministerio de Cultura y Deporte)  null,"Ruiz Solás, María de la Cabeza",GVOX,No vota,37,253,3,56,https://www.congreso.es/es/busqueda-de-iniciativas?p_p_id=iniciativas&p_p_lifecycle=0&p_p_state=normal&p_p_mode=view&_iniciativas_mode=mostrarDetalle&_iniciativas_legislatura=XIV&_iniciativas_id=121/000125
24/11/2022,Presupuestos Generales del Estado,Sección 24 (Ministerio de Cultura y Deporte)  null,"López Maraver, Ángel",GVOX,No vota,37,253,3,56,https://www.congreso.es/es/busqueda-de-iniciativas?p_p_id=iniciativas&p_p_lifecycle=0&p_p_state=normal&p_p_mode=view&_iniciativas_mode=mostrarDetalle&_iniciativas_legislatura=XIV&_iniciativas_id=121/000125
24/11/2022,Presupuestos Generales del Estado,Sección 24 (Ministerio de Cultura y Deporte)  null,"Figaredo Álvarez-Sala, José María",GVOX,No vota,37,253,3,56,https://www.congreso.es/es/busqueda-de-iniciativas?p_p_id=iniciativas&p_p_lifecycle=0&p_p_state=normal&p_p_mode=view&_iniciativas_mode=mostrarDetalle&_iniciativas_legislatura=XIV&_iniciativas_id=121/000125
24/11/2022,Presupuestos Generales del Estado,Sección 24 (Ministerio de Cultura y Deporte)  null,"Sánchez García, José María",GVOX,No vota,37,253,3,56,https://www.congreso.es/es/busqueda-de-iniciativas?p_p_id=iniciativas&p_p_lifecycle=0&p_p_state=normal&p_p_mode=view&_iniciativas_mode=mostrarDetalle&_iniciativas_legislatura=XIV&_iniciativas_id=121/000125
24/11/2022,Presupuestos Generales del Estado,Sección 24 (Ministerio de Cultura y Deporte)  null,"Ortega Smith-Molina, Francisco Javier",GVOX,No vota,37,253,3,56,https://www.congreso.es/es/busqueda-de-iniciativas?p_p_id=iniciativas&p_p_lifecycle=0&p_p_state=normal&p_p_mode=view&_iniciativas_mode=mostrarDetalle&_iniciativas_legislatura=XIV&_iniciativas_id=121/000125
24/11/2022,Presupuestos Generales del Estado,Sección 24 (Ministerio de Cultura y Deporte)  null,"López Álvarez, María Teresa",GVOX,No vota,37,253,3,56,https://www.congreso.es/es/busqueda-de-iniciativas?p_p_id=iniciativas&p_p_lifecycle=0&p_p_state=normal&p_p_mode=view&_iniciativas_mode=mostrarDetalle&_iniciativas_legislatura=XIV&_iniciativas_id=121/000125
24/11/2022,Presupuestos Generales del Estado,Sección 24 (Ministerio de Cultura y Deporte)  null,"Utrilla Cano, Julio",GVOX,No vota,37,253,3,56,https://www.congreso.es/es/busqueda-de-iniciativas?p_p_id=iniciativas&p_p_lifecycle=0&p_p_state=normal&p_p_mode=view&_iniciativas_mode=mostrarDetalle&_iniciativas_legislatura=XIV&_iniciativas_id=121/000125
24/11/2022,Presupuestos Generales del Estado,Sección 24 (Ministerio de Cultura y Deporte)  null,"Fernández Ríos, Tomás",GVOX,No vota,37,253,3,56,https://www.congreso.es/es/busqueda-de-iniciativas?p_p_id=iniciativas&p_p_lifecycle=0&p_p_state=normal&p_p_mode=view&_iniciativas_mode=mostrarDetalle&_iniciativas_legislatura=XIV&_iniciativas_id=121/000125
24/11/2022,Presupuestos Generales del Estado,Sección 24 (Ministerio de Cultura y Deporte)  null,"De Meer Méndez, Rocío",GVOX,No vota,37,253,3,56,https://www.congreso.es/es/busqueda-de-iniciativas?p_p_id=iniciativas&p_p_lifecycle=0&p_p_state=normal&p_p_mode=view&_iniciativas_mode=mostrarDetalle&_iniciativas_legislatura=XIV&_iniciativas_id=121/000125
24/11/2022,Presupuestos Generales del Estado,Sección 24 (Ministerio de Cultura y Deporte)  null,"Mazón Ramos, José María",GMx,No vota,37,253,3,56,https://www.congreso.es/es/busqueda-de-iniciativas?p_p_id=iniciativas&p_p_lifecycle=0&p_p_state=normal&p_p_mode=view&_iniciativas_mode=mostrarDetalle&_iniciativas_legislatura=XIV&_iniciativas_id=121/000125
24/11/2022,Presupuestos Generales del Estado,Sección 24 (Ministerio de Cultura y Deporte)  null,"Jara Moreno, Mercedes",GVOX,No vota,37,253,3,56,https://www.congreso.es/es/busqueda-de-iniciativas?p_p_id=iniciativas&p_p_lifecycle=0&p_p_state=normal&p_p_mode=view&_iniciativas_mode=mostrarDetalle&_iniciativas_legislatura=XIV&_iniciativas_id=121/000125
24/11/2022,Presupuestos Generales del Estado,Sección 24 (Ministerio de Cultura y Deporte)  null,"Segura Just, Juan Carlos",GVOX,No vota,37,253,3,56,https://www.congreso.es/es/busqueda-de-iniciativas?p_p_id=iniciativas&p_p_lifecycle=0&p_p_state=normal&p_p_mode=view&_iniciativas_mode=mostrarDetalle&_iniciativas_legislatura=XIV&_iniciativas_id=121/000125
24/11/2022,Presupuestos Generales del Estado,Sección 24 (Ministerio de Cultura y Deporte)  null,"Miralles Martín, Onofre",GVOX,No vota,37,253,3,56,https://www.congreso.es/es/busqueda-de-iniciativas?p_p_id=iniciativas&p_p_lifecycle=0&p_p_state=normal&p_p_mode=view&_iniciativas_mode=mostrarDetalle&_iniciativas_legislatura=XIV&_iniciativas_id=121/000125
24/11/2022,Presupuestos Generales del Estado,Sección 24 (Ministerio de Cultura y Deporte)  null,"Pérez Abellás, Adolfo",GS,No vota,37,253,3,56,https://www.congreso.es/es/busqueda-de-iniciativas?p_p_id=iniciativas&p_p_lifecycle=0&p_p_state=normal&p_p_mode=view&_iniciativas_mode=mostrarDetalle&_iniciativas_legislatura=XIV&_iniciativas_id=121/000125
24/11/2022,Presupuestos Generales del Estado,Sección 24 (Ministerio de Cultura y Deporte)  null,"Abascal Conde, Santiago",GVOX,No vota,37,253,3,56,https://www.congreso.es/es/busqueda-de-iniciativas?p_p_id=iniciativas&p_p_lifecycle=0&p_p_state=normal&p_p_mode=view&_iniciativas_mode=mostrarDetalle&_iniciativas_legislatura=XIV&_iniciativas_id=121/000125
24/11/2022,Presupuestos Generales del Estado,Sección 24 (Ministerio de Cultura y Deporte)  null,"Rueda Perelló, Patricia",GVOX,No vota,37,253,3,56,https://www.congreso.es/es/busqueda-de-iniciativas?p_p_id=iniciativas&p_p_lifecycle=0&p_p_state=normal&p_p_mode=view&_iniciativas_mode=mostrarDetalle&_iniciativas_legislatura=XIV&_iniciativas_id=121/000125
24/11/2022,Presupuestos Generales del Estado,Sección 24 (Ministerio de Cultura y Deporte)  null,"González Coello de Portugal, Víctor",GVOX,No vota,37,253,3,56,https://www.congreso.es/es/busqueda-de-iniciativas?p_p_id=iniciativas&p_p_lifecycle=0&p_p_state=normal&p_p_mode=view&_iniciativas_mode=mostrarDetalle&_iniciativas_legislatura=XIV&_iniciativas_id=121/000125
24/11/2022,Presupuestos Generales del Estado,Sección 24 (Ministerio de Cultura y Deporte)  null,"Espinosa de los Monteros de Simón, Iván",GVOX,No vota,37,253,3,56,https://www.congreso.es/es/busqueda-de-iniciativas?p_p_id=iniciativas&p_p_lifecycle=0&p_p_state=normal&p_p_mode=view&_iniciativas_mode=mostrarDetalle&_iniciativas_legislatura=XIV&_iniciativas_id=121/000125
24/11/2022,Presupuestos Generales del Estado,Sección 24 (Ministerio de Cultura y Deporte)  null,"Requejo Novoa, Pedro Jesús",GVOX,No vota,37,253,3,56,https://www.congreso.es/es/busqueda-de-iniciativas?p_p_id=iniciativas&p_p_lifecycle=0&p_p_state=normal&p_p_mode=view&_iniciativas_mode=mostrarDetalle&_iniciativas_legislatura=XIV&_iniciativas_id=121/000125
24/11/2022,Presupuestos Generales del Estado,Sección 24 (Ministerio de Cultura y Deporte)  null,"Ramírez del Río, José",GVOX,No vota,37,253,3,56,https://www.congreso.es/es/busqueda-de-iniciativas?p_p_id=iniciativas&p_p_lifecycle=0&p_p_state=normal&p_p_mode=view&_iniciativas_mode=mostrarDetalle&_iniciativas_legislatura=XIV&_iniciativas_id=121/000125
24/11/2022,Presupuestos Generales del Estado,Sección 24 (Ministerio de Cultura y Deporte)  null,"Manso Olivar, Rubén Silvano",GVOX,No vota,37,253,3,56,https://www.congreso.es/es/busqueda-de-iniciativas?p_p_id=iniciativas&p_p_lifecycle=0&p_p_state=normal&p_p_mode=view&_iniciativas_mode=mostrarDetalle&_iniciativas_legislatura=XIV&_iniciativas_id=121/000125
24/11/2022,Presupuestos Generales del Estado,Sección 24 (Ministerio de Cultura y Deporte)  null,"Chamorro Delmo, Ricardo",GVOX,No vota,37,253,3,56,https://www.congreso.es/es/busqueda-de-iniciativas?p_p_id=iniciativas&p_p_lifecycle=0&p_p_state=normal&p_p_mode=view&_iniciativas_mode=mostrarDetalle&_iniciativas_legislatura=XIV&_iniciativas_id=121/000125
24/11/2022,Presupuestos Generales del Estado,Sección 24 (Ministerio de Cultura y Deporte)  null,"Asarta Cuevas, Alberto",GVOX,No vota,37,253,3,56,https://www.congreso.es/es/busqueda-de-iniciativas?p_p_id=iniciativas&p_p_lifecycle=0&p_p_state=normal&p_p_mode=view&_iniciativas_mode=mostrarDetalle&_iniciativas_legislatura=XIV&_iniciativas_id=121/000125
24/11/2022,Presupuestos Generales del Estado,Sección 24 (Ministerio de Cultura y Deporte)  null,"Gestoso de Miguel, Luis",GVOX,No vota,37,253,3,56,https://www.congreso.es/es/busqueda-de-iniciativas?p_p_id=iniciativas&p_p_lifecycle=0&p_p_state=normal&p_p_mode=view&_iniciativas_mode=mostrarDetalle&_iniciativas_legislatura=XIV&_iniciativas_id=121/000125
24/11/2022,Presupuestos Generales del Estado,Sección 24 (Ministerio de Cultura y Deporte)  null,"Steegmann Olmedillas, Juan Luis",GVOX,No vota,37,253,3,56,https://www.congreso.es/es/busqueda-de-iniciativas?p_p_id=iniciativas&p_p_lifecycle=0&p_p_state=normal&p_p_mode=view&_iniciativas_mode=mostrarDetalle&_iniciativas_legislatura=XIV&_iniciativas_id=121/000125
24/11/2022,Presupuestos Generales del Estado,Sección 24 (Ministerio de Cultura y Deporte)  null,"Borrás Pabón, Mireia",GVOX,No vota,37,253,3,56,https://www.congreso.es/es/busqueda-de-iniciativas?p_p_id=iniciativas&p_p_lifecycle=0&p_p_state=normal&p_p_mode=view&_iniciativas_mode=mostrarDetalle&_iniciativas_legislatura=XIV&_iniciativas_id=121/000125
24/11/2022,Presupuestos Generales del Estado,Sección 24 (Ministerio de Cultura y Deporte)  null,"Fernández Hernández, Pedro",GVOX,No vota,37,253,3,56,https://www.congreso.es/es/busqueda-de-iniciativas?p_p_id=iniciativas&p_p_lifecycle=0&p_p_state=normal&p_p_mode=view&_iniciativas_mode=mostrarDetalle&_iniciativas_legislatura=XIV&_iniciativas_id=121/000125
24/11/2022,Presupuestos Generales del Estado,Sección 24 (Ministerio de Cultura y Deporte)  null,"Aizcorbe Torra, Juan José",GVOX,No vota,37,253,3,56,https://www.congreso.es/es/busqueda-de-iniciativas?p_p_id=iniciativas&p_p_lifecycle=0&p_p_state=normal&p_p_mode=view&_iniciativas_mode=mostrarDetalle&_iniciativas_legislatura=XIV&_iniciativas_id=121/000125
24/11/2022,Presupuestos Generales del Estado,Sección 24 (Ministerio de Cultura y Deporte)  null,"Cañizares Pacheco, Inés María",GVOX,No vota,37,253,3,56,https://www.congreso.es/es/busqueda-de-iniciativas?p_p_id=iniciativas&p_p_lifecycle=0&p_p_state=normal&p_p_mode=view&_iniciativas_mode=mostrarDetalle&_iniciativas_legislatura=XIV&_iniciativas_id=121/000125
24/11/2022,Presupuestos Generales del Estado,Sección 24 (Ministerio de Cultura y Deporte)  null,"Mariscal Zabala, Manuel",GVOX,No vota,37,253,3,56,https://www.congreso.es/es/busqueda-de-iniciativas?p_p_id=iniciativas&p_p_lifecycle=0&p_p_state=normal&p_p_mode=view&_iniciativas_mode=mostrarDetalle&_iniciativas_legislatura=XIV&_iniciativas_id=121/000125
24/11/2022,Presupuestos Generales del Estado,Sección 24 (Ministerio de Cultura y Deporte)  null,"Salvá Verd, Antonio",GVOX,No vota,37,253,3,56,https://www.congreso.es/es/busqueda-de-iniciativas?p_p_id=iniciativas&p_p_lifecycle=0&p_p_state=normal&p_p_mode=view&_iniciativas_mode=mostrarDetalle&_iniciativas_legislatura=XIV&_iniciativas_id=121/000125
24/11/2022,Presupuestos Generales del Estado,Sección 24 (Ministerio de Cultura y Deporte)  null,"Jiménez Revuelta, Rodrigo",GVOX,No vota,37,253,3,56,https://www.congreso.es/es/busqueda-de-iniciativas?p_p_id=iniciativas&p_p_lifecycle=0&p_p_state=normal&p_p_mode=view&_iniciativas_mode=mostrarDetalle&_iniciativas_legislatura=XIV&_iniciativas_id=121/000125
24/11/2022,Presupuestos Generales del Estado,Sección 24 (Ministerio de Cultura y Deporte)  null,"Romero Vilches, María de los Reyes",GVOX,No vota,37,253,3,56,https://www.congreso.es/es/busqueda-de-iniciativas?p_p_id=iniciativas&p_p_lifecycle=0&p_p_state=normal&p_p_mode=view&_iniciativas_mode=mostrarDetalle&_iniciativas_legislatura=XIV&_iniciativas_id=121/000125
24/11/2022,Presupuestos Generales del Estado,Sección 24 (Ministerio de Cultura y Deporte)  null,"Del Valle Rodríguez, Emilio Jesús",GVOX,No vota,37,253,3,56,https://www.congreso.es/es/busqueda-de-iniciativas?p_p_id=iniciativas&p_p_lifecycle=0&p_p_state=normal&p_p_mode=view&_iniciativas_mode=mostrarDetalle&_iniciativas_legislatura=XIV&_iniciativas_id=121/000125
24/11/2022,Presupuestos Generales del Estado,Sección 24 (Ministerio de Cultura y Deporte)  null,"Méndez Monasterio, Lourdes",GVOX,No vota,37,253,3,56,https://www.congreso.es/es/busqueda-de-iniciativas?p_p_id=iniciativas&p_p_lifecycle=0&p_p_state=normal&p_p_mode=view&_iniciativas_mode=mostrarDetalle&_iniciativas_legislatura=XIV&_iniciativas_id=121/000125
24/11/2022,Presupuestos Generales del Estado,Sección 24 (Ministerio de Cultura y Deporte)  null,"Sánchez del Real, Víctor Manuel",GVOX,No vota,37,253,3,56,https://www.congreso.es/es/busqueda-de-iniciativas?p_p_id=iniciativas&p_p_lifecycle=0&p_p_state=normal&p_p_mode=view&_iniciativas_mode=mostrarDetalle&_iniciativas_legislatura=XIV&_iniciativas_id=121/000125
24/11/2022,Presupuestos Generales del Estado,Sección 24 (Ministerio de Cultura y Deporte)  null,"Calvo Liste, Pablo Juan",GVOX,No vota,37,253,3,56,https://www.congreso.es/es/busqueda-de-iniciativas?p_p_id=iniciativas&p_p_lifecycle=0&p_p_state=normal&p_p_mode=view&_iniciativas_mode=mostrarDetalle&_iniciativas_legislatura=XIV&_iniciativas_id=121/000125
24/11/2022,Presupuestos Generales del Estado,Sección 24 (Ministerio de Cultura y Deporte)  null,"Ruiz Navarro, Eduardo Luis",GVOX,No vota,37,253,3,56,https://www.congreso.es/es/busqueda-de-iniciativas?p_p_id=iniciativas&p_p_lifecycle=0&p_p_state=normal&p_p_mode=view&_iniciativas_mode=mostrarDetalle&_iniciativas_legislatura=XIV&_iniciativas_id=121/000125
24/11/2022,Presupuestos Generales del Estado,Sección 24 (Ministerio de Cultura y Deporte)  null,"Contreras Peláez, Francisco José",GVOX,No vota,37,253,3,56,https://www.congreso.es/es/busqueda-de-iniciativas?p_p_id=iniciativas&p_p_lifecycle=0&p_p_state=normal&p_p_mode=view&_iniciativas_mode=mostrarDetalle&_iniciativas_legislatura=XIV&_iniciativas_id=121/000125
24/11/2022,Presupuestos Generales del Estado,Sección 24 (Ministerio de Cultura y Deporte)  null,"Herrero Bono, José Alberto",GP,No vota,37,253,3,56,https://www.congreso.es/es/busqueda-de-iniciativas?p_p_id=iniciativas&p_p_lifecycle=0&p_p_state=normal&p_p_mode=view&_iniciativas_mode=mostrarDetalle&_iniciativas_legislatura=XIV&_iniciativas_id=121/000125
24/11/2022,Presupuestos Generales del Estado,Sección 24 (Ministerio de Cultura y Deporte)  null,"Robles López, Joaquín",GVOX,No vota,37,253,3,56,https://www.congreso.es/es/busqueda-de-iniciativas?p_p_id=iniciativas&p_p_lifecycle=0&p_p_state=normal&p_p_mode=view&_iniciativas_mode=mostrarDetalle&_iniciativas_legislatura=XIV&_iniciativas_id=121/000125
24/11/2022,Presupuestos Generales del Estado,Sección 24 (Ministerio de Cultura y Deporte)  null,"De las Heras Fernández, Patricia",GVOX,No vota,37,253,3,56,https://www.congreso.es/es/busqueda-de-iniciativas?p_p_id=iniciativas&p_p_lifecycle=0&p_p_state=normal&p_p_mode=view&_iniciativas_mode=mostrarDetalle&_iniciativas_legislatura=XIV&_iniciativas_id=121/000125
